((-5.7970243 -4.8328958 -6.102192 -7.4226704 -7.362598 -9.043678 -12.072977 -9.593515 -11.389101 -1.1367242)
 (-5.9295435 3.3544059 -6.863437 -8.386262 -3.3177547 4.664361 5.8053126 -1.2206163 -3.2560248 1.1332906)
 (2.595362 6.6024466 -3.8731894 -3.8423212 -4.3075247 5.337091 1.526223 -2.2699425 -4.1671257 -5.850136)
 (0.06952203 2.5382063 0.16576697 3.2412295 1.3738995 -5.0542364 3.8081214 -0.59017897 -4.4292626 -4.1251473)
 (-0.09199946 2.1791465 1.2541094 7.364276 2.1846175 -8.671412 -2.6933293 -0.44916013 -3.4815042 -3.5971074)
 (-3.343787 1.3842613 -2.0394995 -6.1763096 -6.004192 11.565188 -1.3489124 -1.2112335 -9.99483 -1.052771)
 (0.4652771 -5.4268236 5.5607634 -1.3852701 1.0281459 1.1408094 -3.227184 -3.7910888 -8.048916 3.4351163)
 (0.8180549 -0.92872083 5.313059 -3.5206437 -2.1747477 1.5501506 -0.5322864 -7.9005795 -4.5696707 3.9882705)
 (1.1131738 5.7534213 2.4469023 -1.9443376 4.876671 2.1473527 -2.9148202 -4.256754 -3.4442918 -9.029017)
 (-1.1137213 -4.0231295 -4.360021 -4.286654 6.8105664 -1.0818017 -3.9083085 4.9171333 -5.6867127 3.2489874)
 (1.5418614 -4.3773575 4.627901 -1.7019202 -8.914055 4.392253 -3.2937303 1.9901744 -1.2692609 4.0538726)
 (-2.502022 1.0512514 2.6637082 -5.1587186 -5.95422 -0.14196809 4.1506186 6.298198 -2.2935038 -8.217853)
 (-1.9382529 -7.406445 -4.7265134 5.4348125 -3.0127158 -0.20410646 1.7833755 -3.2721674 2.437392 -1.8203452)
 (7.1668444 -4.0875187 -3.3017588 -1.4731183 -0.07343969 -1.2304233 1.0439919 -5.2395687 0.5951365 -7.1065693)
 (-4.951551 -1.9781079 -1.2521842 4.794425 -0.71085995 -2.4534087 -0.35843217 -2.1647644 4.6893663 -3.8063338)
 (-6.8774915 0.841483 4.669697 4.192334 -9.291327 -1.9586493 -8.008344 6.2095537 -6.9279447 -11.305674)
 (-2.948935 -0.45790005 -3.4649494 -2.5675921 -4.593555 -2.2485313 -0.11647906 6.436157 -2.6778424 -10.498091)
 (-3.6641634 -3.51349 -4.201956 -5.866908 2.3761144 2.2032697 -6.891322 -1.1142273 4.654129 -1.4931687)
 (-2.2809906 0.21820097 6.4726043 -4.7991414 -3.2073855 0.83889556 -4.979283 5.960925 2.683384 -4.077093)
 (-2.4189086 0.44203374 -1.6576841 -2.0422082 -7.5412064 -0.1153775 -2.1298668 -1.3518045 6.069452 -4.1985097)
 (-1.9778627 1.7861476 -4.1415863 0.5682976 4.57366 1.2126666 -4.1726217 -2.8094141 2.692115 -1.858467)
 (-1.3954294 9.85049 -3.7282233 -2.901016 3.755982 3.7709103 -2.614935 -4.654473 -8.226757 -1.5516269)
 (-8.535614 -4.8496447 0.6143732 3.2962432 0.3045468 5.3153806 0.20997594 -3.7560058 -5.849551 1.9138129)
 (2.966718 -2.2923853 3.3105567 -0.8244135 3.8920093 3.5954428 -2.567379 -1.4319708 -2.7680023 -8.451808)
 (-3.098478 -0.89064497 1.0225039 3.1449919 4.8628125 1.2940437 -1.5637323 4.513597 -2.6567414 -6.8305073)
 (0.29258558 0.926314 -1.4418697 -7.219414 5.27384 -7.7896137 -1.0031902 4.381848 0.24828535 -4.1435275)
 (0.5616781 -2.23155 5.3474746 -6.517254 0.15306121 -7.0147047 1.6941836 -2.7591798 -2.402603 0.92358524)
 (-3.4357889 -2.6476893 -3.616686 1.8177913 2.2410126 -5.0982685 2.739855 6.362334 -3.9314964 -6.8548145)
 (-7.0469303 -1.7976216 -0.7694133 -8.202133 -6.381885 8.101362 3.3952672 2.8373497 -3.484698 2.9784894)
 (3.969298 -3.445555 2.8822575 -5.476531 1.7916517 -4.689439 6.311596 2.550947 7.078657 -4.4632087)
 (-9.931719 1.702204 -0.28385717 -0.97236943 0.48605064 3.0322568 -9.332542 -4.176177 2.5214245 1.6812471)
 (-0.97186095 3.3592365 0.5485556 3.6010392 0.5538483 -7.768779 -5.141079 0.6408897 -3.9175198 0.5933781)
 (1.4721205 -1.3410506 -6.327203 -6.545357 -0.5051821 1.9733061 -3.9968903 -3.2818887 1.4862776 2.2072353)
 (-4.5221066 -5.326314 0.04253054 -1.8459786 2.5666625 -1.5659503 3.1964219 -4.1969156 1.3590053 -3.9863229)
 (-1.6216639 5.2918134 -4.7059264 -6.770787 -3.9821498 2.8028164 2.9432786 -4.074923 -1.7843114 4.9111137)
 (-1.5600208 -4.2560782 0.5317606 -1.4591632 -6.7505927 -0.8433601 -1.3712015 -1.1383666 3.1394238 5.293358)
 (3.7756004 -0.89784795 2.4243298 4.181202 -5.60747 -7.189198 -5.3704886 -1.5468034 -5.510106 0.89586234)
 (-3.893929 -3.8529015 -0.10667861 4.908974 -1.1348218 4.6540675 -7.774935 -5.166913 -9.777638 3.2560012)
 (0.59177786 -2.4064069 1.4431527 0.60327256 -1.776699 4.671823 0.07789094 3.2682168 -3.5540116 -7.3950844)
 (1.6615815 -1.0443872 2.1489286 -7.1630826 0.9181683 6.2083993 -4.054128 3.0064619 -6.3140874 -0.1558824)
 (2.2097523 1.0294406 3.5027707 1.213508 3.488146 0.24727301 -2.8928897 1.7515363 -9.000356 -0.7097808)
 (-6.7344236 -1.0858455 8.9265585 -4.1707087 -1.8558922 0.50584257 -1.5694735 4.0001006 -3.6744795 -8.233537)
 (-2.598187 0.64589524 0.77370137 -8.5409355 -1.6669457 -11.596989 2.3650222 2.7751622 -0.7881238 5.477619)
 (3.459869 3.5237122 -9.693613 3.2992623 -0.37806642 -3.4345136 3.7686503 0.08268745 -5.358714 1.731073)
 (-2.478504 2.4484115 4.5817957 -1.2700207 -7.854301 1.2347144 3.1167634 -10.344588 -2.6449046 -4.329041)
 (-1.7241907 -2.4306319 -5.399481 5.2419376 -3.5884237 -3.8616393 0.6042261 1.417834 -4.7269263 0.1971425)
 (1.8298908 2.9851363 -0.5610871 -0.3547751 -5.381101 -1.3250936 -3.3706064 -0.48002523 -2.9843614 3.9119987)
 (0.49013245 -0.42427123 -11.586122 -2.0326238 -2.1911097 2.8035786 1.801179 6.444303 -0.36883992 2.5962002)
 (0.04472375 1.3791186 -7.6058803 4.520923 3.8959553 -1.946583 1.4153355 1.6282377 -1.4458604 -4.479626)
 (-0.29446247 -7.117971 -7.809251 7.9140253 -5.719809 2.4776707 -1.6271902 3.6024716 -1.8900045 -2.3252478))
