(15 23 25 22 11 21 14 4 8 19 17 16 13 3 1 20 24 2 18 5 9 6 10 7 12 15) 2144.8977000 0.0004662
(15 6 17 12 24 1 10 11 16 9 7 5 23 18 2 8 20 19 13 22 3 25 4 14 21 15) 2066.7903000 0.0004838
(15 23 13 4 24 21 17 22 18 25 11 8 14 3 10 6 2 9 19 1 7 5 16 20 12 15) 1864.8093000 0.0005362
(15 23 13 4 24 21 17 22 18 25 11 8 14 3 10 6 2 9 19 1 7 5 16 20 12 15) 1864.8093000 0.0005362
(15 10 25 22 11 21 14 4 8 19 7 5 17 16 13 3 9 6 2 18 20 24 23 1 12 15) 1829.6084000 0.0005466
(15 10 25 22 11 21 14 4 8 17 13 3 9 6 2 18 24 23 19 1 7 5 16 20 12 15) 1812.4734000 0.0005517
(15 10 25 22 11 21 14 4 8 19 7 17 13 3 9 6 2 18 24 23 1 5 16 20 12 15) 1747.5481000 0.0005722
(15 10 25 22 11 21 14 4 8 17 16 13 3 9 6 2 18 23 19 1 7 5 20 24 12 15) 1642.9651000 0.0006087
(15 10 25 22 11 21 14 4 8 17 16 13 3 9 6 2 18 23 19 1 7 5 20 24 12 15) 1642.9651000 0.0006087
(15 10 25 22 11 21 14 4 8 17 13 3 9 6 2 18 23 16 19 1 7 5 20 24 12 15) 1571.5610000 0.0006363
(15 10 25 22 11 21 14 4 8 17 13 3 9 6 2 18 23 16 19 1 7 5 20 24 12 15) 1571.5610000 0.0006363
(15 10 25 22 11 21 14 4 8 17 13 3 9 6 2 18 23 16 19 7 1 5 20 24 12 15) 1523.3674000 0.0006564
(15 10 25 22 11 21 14 4 8 17 13 3 9 6 2 18 23 16 19 7 1 5 20 24 12 15) 1523.3674000 0.0006564
(15 10 25 22 11 21 14 4 8 19 17 13 3 9 6 2 18 23 16 1 7 5 20 24 12 15) 1462.5667000 0.0006837
(15 10 25 22 11 21 14 4 8 19 17 13 3 9 6 2 18 23 16 7 1 5 20 24 12 15) 1454.4210000 0.0006876
(15 10 25 22 11 21 14 4 8 19 17 13 3 9 6 2 18 23 16 7 1 5 20 24 12 15) 1454.4210000 0.0006876
(15 10 25 22 11 21 14 4 8 19 17 13 3 9 6 2 18 23 16 7 1 5 20 24 12 15) 1454.4210000 0.0006876
(15 10 25 22 11 21 14 4 8 19 17 13 3 9 6 2 18 23 16 7 1 5 20 24 12 15) 1454.4210000 0.0006876
(15 10 25 22 11 21 14 4 8 19 17 13 3 9 6 2 18 23 16 7 1 5 20 24 12 15) 1454.4210000 0.0006876
(15 10 25 11 22 21 14 4 8 19 17 13 3 9 6 2 18 23 16 7 1 5 20 24 12 15) 1449.1115000 0.0006901
(15 10 25 11 22 21 14 4 8 19 17 13 3 9 6 2 18 23 16 7 1 5 20 24 12 15) 1449.1115000 0.0006901
(15 10 25 11 22 21 14 4 8 19 17 13 3 9 6 2 18 23 16 7 1 5 20 24 12 15) 1449.1115000 0.0006901
(15 10 25 11 22 21 14 4 8 19 17 13 3 9 6 2 18 23 16 7 1 5 20 24 12 15) 1449.1115000 0.0006901
(15 10 25 11 22 21 14 4 8 19 17 13 3 9 6 2 18 23 16 7 1 5 20 24 12 15) 1449.1115000 0.0006901
(15 10 25 11 22 21 14 4 8 19 17 13 3 9 6 2 18 23 16 7 1 5 20 24 12 15) 1449.1115000 0.0006901
(15 10 25 11 22 21 14 4 8 19 17 13 3 9 6 2 18 23 16 7 1 5 20 24 12 15) 1449.1115000 0.0006901
(15 10 25 11 22 21 14 4 8 19 17 13 3 9 6 2 18 23 16 7 1 5 20 24 12 15) 1449.1115000 0.0006901
(15 10 25 11 22 21 14 4 8 19 17 13 3 9 6 2 18 23 16 7 1 5 20 24 12 15) 1449.1115000 0.0006901
(15 10 25 11 22 21 14 4 8 19 17 13 3 9 6 2 18 23 16 7 1 5 20 24 12 15) 1449.1115000 0.0006901
(15 10 25 11 22 21 14 4 8 19 17 13 3 9 6 2 18 23 16 7 1 5 20 24 12 15) 1449.1115000 0.0006901
(15 10 25 11 22 21 14 4 8 19 17 13 3 9 6 2 18 23 16 7 1 5 20 24 12 15) 1449.1115000 0.0006901
(15 10 25 11 22 21 14 4 8 19 17 13 3 9 6 2 18 23 16 7 1 5 20 24 12 15) 1449.1115000 0.0006901
(15 10 25 11 22 21 14 4 8 19 17 13 3 9 6 2 18 23 16 7 1 5 20 24 12 15) 1449.1115000 0.0006901
(15 10 25 11 22 21 14 4 8 19 17 13 3 9 6 2 18 23 16 7 1 5 20 24 12 15) 1449.1115000 0.0006901
(15 10 25 11 22 21 14 4 8 19 17 13 3 9 6 2 18 23 16 7 1 5 20 24 12 15) 1449.1115000 0.0006901
(15 10 25 11 22 21 14 4 8 19 17 13 3 9 6 2 18 23 16 7 1 5 20 24 12 15) 1449.1115000 0.0006901
(15 10 25 11 22 21 14 4 8 19 17 13 3 9 6 2 18 23 16 7 1 5 20 24 12 15) 1449.1115000 0.0006901
(15 10 25 11 22 21 14 4 8 19 17 13 3 9 6 2 18 23 16 7 1 5 20 24 12 15) 1449.1115000 0.0006901
(15 10 25 11 22 21 14 4 8 19 17 13 3 9 6 2 18 23 16 7 1 5 20 24 12 15) 1449.1115000 0.0006901
(15 10 25 11 22 21 14 4 8 19 17 13 3 9 6 2 18 23 16 7 1 5 20 24 12 15) 1449.1115000 0.0006901
(15 10 25 11 22 21 14 4 8 19 17 13 3 9 6 2 18 23 16 7 1 5 20 24 12 15) 1449.1115000 0.0006901
(15 10 25 11 22 21 14 4 8 19 17 13 3 9 6 2 18 23 16 7 1 5 20 24 12 15) 1449.1115000 0.0006901
(15 10 25 11 22 21 14 4 8 19 17 13 3 9 6 2 18 23 16 7 1 5 20 24 12 15) 1449.1115000 0.0006901
(15 10 25 11 22 21 14 4 8 19 17 13 3 9 6 2 18 23 16 7 1 5 20 24 12 15) 1449.1115000 0.0006901
(15 10 25 11 22 21 14 4 8 19 17 13 3 9 6 2 18 23 16 7 1 5 20 24 12 15) 1449.1115000 0.0006901
(15 10 25 11 22 21 14 4 8 19 17 13 3 9 6 2 18 23 16 7 1 5 20 24 12 15) 1449.1115000 0.0006901
(15 10 25 11 22 21 14 4 8 19 17 13 3 9 6 2 18 23 16 7 1 5 20 24 12 15) 1449.1115000 0.0006901
(15 10 25 11 22 21 14 4 8 19 17 13 3 9 6 2 18 23 16 7 1 5 20 24 12 15) 1449.1115000 0.0006901
(15 10 25 11 22 21 14 4 8 19 17 13 3 9 6 2 18 23 16 7 1 5 20 24 12 15) 1449.1115000 0.0006901
(15 10 25 11 22 21 14 4 8 19 17 13 3 9 6 2 18 23 16 7 1 5 20 24 12 15) 1449.1115000 0.0006901
(15 10 25 11 22 21 14 4 8 19 17 13 3 9 6 2 18 23 16 7 1 5 20 24 12 15) 1449.1115000 0.0006901
(15 10 25 11 22 21 14 4 8 19 17 13 3 9 6 2 18 23 16 7 1 5 20 24 12 15) 1449.1115000 0.0006901
(15 10 25 11 22 21 14 4 8 19 17 13 3 9 6 2 18 23 16 7 1 5 20 24 12 15) 1449.1115000 0.0006901
(15 10 25 11 22 21 14 4 8 19 17 13 3 9 6 2 18 23 16 7 1 5 20 24 12 15) 1449.1115000 0.0006901
(15 10 25 11 22 21 14 4 8 19 17 13 3 9 6 2 18 23 16 7 1 5 20 24 12 15) 1449.1115000 0.0006901
(15 10 25 11 22 21 14 4 8 19 17 13 3 9 6 2 18 23 16 7 1 5 20 24 12 15) 1449.1115000 0.0006901
(15 10 25 11 22 21 14 4 8 19 17 13 3 9 6 2 18 23 16 7 1 5 20 24 12 15) 1449.1115000 0.0006901
(15 10 25 11 22 21 14 4 8 19 17 13 3 9 6 2 18 23 16 7 1 5 20 24 12 15) 1449.1115000 0.0006901
(15 10 25 11 22 21 14 4 8 19 17 13 3 9 6 2 18 23 16 7 1 5 20 24 12 15) 1449.1115000 0.0006901
(15 10 25 11 22 21 14 4 8 19 17 13 3 9 6 2 18 23 16 7 1 5 20 24 12 15) 1449.1115000 0.0006901
(15 10 25 11 22 21 14 4 8 19 17 13 3 9 6 2 18 23 16 7 1 5 20 24 12 15) 1449.1115000 0.0006901
(15 10 25 11 22 21 14 4 8 19 17 13 3 9 6 2 18 23 16 7 1 5 20 24 12 15) 1449.1115000 0.0006901
(15 10 25 11 22 21 14 4 8 19 17 13 3 9 6 2 18 23 16 7 1 5 20 24 12 15) 1449.1115000 0.0006901
(15 10 25 11 22 21 14 4 8 19 17 13 3 9 6 2 18 23 16 7 1 5 20 24 12 15) 1449.1115000 0.0006901
(15 10 25 11 22 21 14 4 8 19 17 13 3 9 6 2 18 23 16 7 1 5 20 24 12 15) 1449.1115000 0.0006901
(15 10 25 11 22 21 14 4 8 19 17 13 3 9 6 2 18 23 16 7 1 5 20 24 12 15) 1449.1115000 0.0006901
(15 10 25 11 22 21 14 4 8 19 17 13 3 9 6 2 18 23 16 7 1 5 20 24 12 15) 1449.1115000 0.0006901
(15 10 25 11 22 21 14 4 8 19 17 13 3 9 6 2 18 23 16 7 1 5 20 24 12 15) 1449.1115000 0.0006901
(15 10 25 11 22 21 14 4 8 19 17 13 3 9 6 2 18 23 16 7 1 5 20 24 12 15) 1449.1115000 0.0006901
(15 10 25 11 22 21 14 4 8 19 17 13 3 9 6 2 18 23 16 7 1 5 20 24 12 15) 1449.1115000 0.0006901
(15 10 25 11 22 21 14 4 8 19 17 13 3 9 6 2 18 23 16 7 1 5 20 24 12 15) 1449.1115000 0.0006901
(15 10 25 11 22 21 14 12 8 19 17 13 3 9 6 2 18 23 16 7 1 5 20 24 4 15) 1418.2830000 0.0007051
(15 10 25 11 22 21 14 12 8 19 17 13 3 9 6 2 18 23 16 7 1 5 20 24 4 15) 1418.2830000 0.0007051
(15 10 25 11 22 21 14 12 8 19 17 13 3 9 6 2 18 23 16 7 1 5 20 24 4 15) 1418.2830000 0.0007051
(15 10 25 11 22 21 14 4 12 19 17 13 3 9 8 6 2 18 23 16 7 1 5 20 24 15) 1401.7439000 0.0007134
(15 10 25 11 22 21 14 4 12 19 17 13 3 9 8 6 2 18 23 16 7 1 5 20 24 15) 1401.7439000 0.0007134
(15 10 25 11 22 21 14 12 19 17 13 3 9 8 6 2 18 23 16 7 1 5 20 24 4 15) 1387.6661000 0.0007206
(15 10 25 11 22 21 14 12 19 17 13 3 9 8 6 2 18 23 16 7 1 5 20 24 4 15) 1387.6661000 0.0007206
(15 10 25 11 22 21 14 12 19 17 13 3 9 8 6 2 18 23 16 7 1 5 20 24 4 15) 1387.6661000 0.0007206
(15 10 25 11 13 21 14 12 19 17 22 3 9 8 6 2 18 23 16 7 1 5 20 24 4 15) 1387.0535000 0.0007210
(15 10 25 11 13 21 14 12 19 17 22 3 9 8 6 2 18 23 16 7 1 5 20 24 4 15) 1387.0535000 0.0007210
(15 10 25 11 13 21 14 12 19 17 22 3 9 8 6 2 18 23 16 7 1 5 20 24 4 15) 1387.0535000 0.0007210
(15 10 25 11 13 21 14 12 19 17 22 3 9 8 6 2 18 23 16 7 1 5 20 24 4 15) 1387.0535000 0.0007210
(15 10 25 11 13 21 14 12 19 17 22 3 9 8 6 2 18 23 16 7 1 5 20 24 4 15) 1387.0535000 0.0007210
(15 10 25 11 13 21 14 12 19 17 22 3 9 8 6 2 18 23 16 7 1 5 20 24 4 15) 1387.0535000 0.0007210
(15 10 25 11 13 21 14 12 19 17 22 3 9 8 6 2 18 23 16 7 1 5 20 24 4 15) 1387.0535000 0.0007210
(15 10 25 11 13 21 14 12 19 17 22 3 9 8 6 2 18 23 16 7 1 5 20 24 4 15) 1387.0535000 0.0007210
(15 10 25 11 13 21 14 12 19 17 22 3 9 8 6 2 18 23 16 7 1 5 20 24 4 15) 1387.0535000 0.0007210
(15 10 25 11 13 21 14 12 19 17 22 3 9 8 6 2 18 23 16 7 1 5 20 24 4 15) 1387.0535000 0.0007210
(15 10 25 11 13 21 14 12 19 17 22 3 9 8 6 2 18 23 16 7 1 5 20 24 4 15) 1387.0535000 0.0007210
(15 10 25 11 13 21 14 12 19 17 22 3 9 8 6 2 18 23 16 7 1 5 20 24 4 15) 1387.0535000 0.0007210
(15 10 25 11 13 21 14 12 19 17 22 3 9 8 6 2 18 23 16 7 1 5 20 24 4 15) 1387.0535000 0.0007210
(15 10 25 11 13 21 14 12 19 17 22 3 9 8 6 2 18 23 16 7 1 5 20 24 4 15) 1387.0535000 0.0007210
(15 10 25 11 13 21 14 12 19 17 22 3 9 8 6 2 18 23 16 7 1 5 20 24 4 15) 1387.0535000 0.0007210
(15 10 25 11 13 21 14 12 19 17 22 3 9 8 6 2 18 23 16 7 1 5 20 24 4 15) 1387.0535000 0.0007210
(15 10 25 11 13 21 14 12 19 17 22 3 9 8 6 2 18 23 16 7 1 5 20 24 4 15) 1387.0535000 0.0007210
(15 10 25 11 13 21 14 12 19 17 22 3 9 8 6 2 18 23 16 7 1 5 20 24 4 15) 1387.0535000 0.0007210
(15 10 25 11 13 21 14 12 19 17 22 3 9 8 6 2 18 23 16 7 1 5 20 24 4 15) 1387.0535000 0.0007210
(15 10 25 11 13 21 14 12 19 17 22 3 9 8 6 2 18 23 16 7 1 5 20 24 4 15) 1387.0535000 0.0007210
(15 10 25 11 13 21 14 12 19 17 22 3 9 8 6 2 18 23 16 7 1 5 20 24 4 15) 1387.0535000 0.0007210
(15 10 25 11 13 21 14 12 19 17 22 3 9 8 6 2 18 23 16 7 1 5 20 24 4 15) 1387.0535000 0.0007210
(15 10 25 11 13 21 14 12 19 17 22 3 9 8 6 2 18 23 16 7 1 5 20 24 4 15) 1387.0535000 0.0007210
(15 10 25 11 13 21 14 12 19 17 22 3 9 8 6 2 18 23 16 7 1 5 20 24 4 15) 1387.0535000 0.0007210
(15 10 25 11 13 21 14 12 19 17 22 3 9 8 6 2 18 23 16 7 1 5 20 24 4 15) 1387.0535000 0.0007210
(15 10 25 11 13 21 14 12 19 17 22 3 9 8 6 2 18 23 16 7 1 5 20 24 4 15) 1387.0535000 0.0007210
(15 10 25 11 13 21 14 12 19 17 22 3 9 8 6 2 18 23 16 7 1 5 20 24 4 15) 1387.0535000 0.0007210
(15 10 25 11 13 21 14 12 19 17 22 3 9 8 6 2 18 23 16 7 1 5 20 24 4 15) 1387.0535000 0.0007210
(15 10 25 11 13 21 14 12 19 17 22 3 9 8 6 2 18 23 16 7 1 5 20 24 4 15) 1387.0535000 0.0007210
(15 10 25 11 13 21 14 12 19 17 22 3 9 8 6 2 18 23 16 7 1 5 20 24 4 15) 1387.0535000 0.0007210
(15 10 25 11 13 21 14 12 19 17 22 3 9 8 6 2 18 23 16 7 1 5 20 24 4 15) 1387.0535000 0.0007210
(15 10 25 11 13 21 14 12 19 17 22 3 9 8 6 2 18 23 16 7 1 5 20 24 4 15) 1387.0535000 0.0007210
(15 10 25 11 13 21 14 12 19 17 22 3 9 8 6 2 18 23 16 7 1 5 20 24 4 15) 1387.0535000 0.0007210
(15 10 25 11 13 21 14 12 19 17 22 3 9 8 6 2 18 23 16 7 1 5 20 24 4 15) 1387.0535000 0.0007210
(15 10 25 11 13 21 14 12 19 17 22 3 9 8 6 2 18 23 16 7 1 5 20 24 4 15) 1387.0535000 0.0007210
(15 10 25 11 13 21 14 12 19 17 22 3 9 8 6 2 18 23 16 7 1 5 20 24 4 15) 1387.0535000 0.0007210
(15 10 25 11 13 21 14 12 19 17 22 3 9 8 6 2 18 23 16 7 1 5 20 24 4 15) 1387.0535000 0.0007210
(15 10 25 11 13 21 14 12 19 17 22 3 9 8 6 2 18 23 16 7 1 5 20 24 4 15) 1387.0535000 0.0007210
(15 10 25 11 13 21 14 12 19 17 22 3 9 8 6 2 18 23 16 7 1 5 20 24 4 15) 1387.0535000 0.0007210
(15 10 25 11 13 21 14 12 19 17 22 3 9 8 6 2 18 23 16 7 1 5 20 24 4 15) 1387.0535000 0.0007210
(15 10 25 11 13 21 14 12 19 17 22 3 9 8 6 2 18 23 16 7 1 5 20 24 4 15) 1387.0535000 0.0007210
(15 10 25 11 13 21 14 12 19 17 22 3 9 8 6 2 18 23 16 7 1 5 20 24 4 15) 1387.0535000 0.0007210
(15 10 25 11 13 21 14 12 19 17 22 3 9 8 6 2 18 23 16 7 1 5 20 24 4 15) 1387.0535000 0.0007210
(15 10 25 11 13 21 14 12 19 17 22 3 9 8 6 2 18 23 16 7 1 5 20 24 4 15) 1387.0535000 0.0007210
(15 10 25 11 13 21 14 12 19 17 22 3 9 8 6 2 18 23 16 7 1 5 20 24 4 15) 1387.0535000 0.0007210
(15 10 25 11 13 21 12 14 19 17 22 3 9 8 6 2 18 23 16 7 1 5 20 24 4 15) 1380.8140000 0.0007242
(15 10 25 11 13 21 12 14 19 17 22 3 9 8 6 2 18 23 16 7 1 5 20 24 4 15) 1380.8140000 0.0007242
(15 10 25 11 13 21 12 14 19 17 22 3 9 8 6 2 18 23 16 7 1 5 20 24 4 15) 1380.8140000 0.0007242
(15 10 25 11 13 21 12 14 19 17 22 3 9 8 6 2 18 23 16 7 1 5 20 24 4 15) 1380.8140000 0.0007242
(15 10 25 11 13 21 12 14 19 17 22 3 9 8 6 2 18 23 16 7 1 5 20 24 4 15) 1380.8140000 0.0007242
(15 10 25 11 13 21 12 14 19 17 22 3 9 8 6 2 18 23 16 7 1 5 20 24 4 15) 1380.8140000 0.0007242
(15 10 25 11 13 21 12 14 19 17 22 3 9 8 6 2 18 23 16 7 1 5 20 24 4 15) 1380.8140000 0.0007242
(15 10 25 11 13 21 12 14 19 17 22 3 9 8 6 2 18 23 16 7 1 5 20 24 4 15) 1380.8140000 0.0007242
(15 10 25 11 13 21 12 14 19 17 22 3 9 8 6 2 18 23 16 7 1 5 20 24 4 15) 1380.8140000 0.0007242
(15 10 25 11 13 21 12 14 19 17 22 3 9 8 6 2 18 23 16 7 1 5 20 24 4 15) 1380.8140000 0.0007242
(15 10 25 11 13 21 12 14 19 17 22 3 9 8 6 2 18 23 16 7 1 5 20 24 4 15) 1380.8140000 0.0007242
(15 10 25 11 13 21 12 14 19 17 22 3 9 8 6 2 18 23 16 7 1 5 20 24 4 15) 1380.8140000 0.0007242
(15 10 25 11 13 21 12 14 19 17 22 3 9 8 6 2 18 23 16 7 1 5 20 24 4 15) 1380.8140000 0.0007242
(15 10 25 11 13 21 12 14 19 17 22 3 9 8 6 2 18 23 16 7 1 5 20 24 4 15) 1380.8140000 0.0007242
(15 10 25 11 13 21 12 14 19 17 22 3 9 8 6 2 18 23 16 7 1 5 20 24 4 15) 1380.8140000 0.0007242
(15 10 25 11 13 21 12 14 19 17 22 3 9 8 6 2 18 23 16 7 1 5 20 24 4 15) 1380.8140000 0.0007242
(15 10 25 11 13 21 12 14 19 17 22 3 9 8 6 2 18 23 16 7 1 5 20 24 4 15) 1380.8140000 0.0007242
(15 10 25 11 13 21 12 14 19 17 22 3 9 8 6 2 18 23 16 7 1 5 20 24 4 15) 1380.8140000 0.0007242
(15 10 25 11 13 21 12 14 19 17 22 3 9 8 6 2 18 23 16 7 1 5 20 24 4 15) 1380.8140000 0.0007242
(15 10 25 11 13 21 12 14 19 17 22 3 9 8 6 2 18 23 16 7 1 5 20 24 4 15) 1380.8140000 0.0007242
(15 10 25 11 13 21 12 14 19 17 22 3 9 8 6 2 18 23 16 7 1 5 20 24 4 15) 1380.8140000 0.0007242
(15 10 25 11 13 21 12 14 19 17 22 3 9 8 6 2 18 23 16 7 1 5 20 24 4 15) 1380.8140000 0.0007242
(15 10 25 11 13 21 12 14 19 17 22 3 9 8 6 2 18 23 16 7 1 5 20 24 4 15) 1380.8140000 0.0007242
(15 10 25 11 13 21 12 14 19 17 22 3 9 8 6 2 18 23 16 7 1 5 20 24 4 15) 1380.8140000 0.0007242
(15 10 25 11 13 21 12 14 19 17 22 3 9 8 6 2 18 23 16 7 1 5 20 24 4 15) 1380.8140000 0.0007242
(15 10 25 11 13 21 12 14 19 17 22 3 9 8 6 2 18 23 16 7 1 5 20 24 4 15) 1380.8140000 0.0007242
(15 10 25 11 13 21 12 14 19 17 22 3 9 8 6 2 18 23 16 7 1 5 20 24 4 15) 1380.8140000 0.0007242
(15 10 25 11 13 21 12 14 19 17 22 3 9 8 6 2 18 23 16 7 1 5 20 24 4 15) 1380.8140000 0.0007242
(15 10 25 11 13 21 12 14 19 17 22 3 9 8 6 2 18 23 16 7 1 5 20 24 4 15) 1380.8140000 0.0007242
(15 10 25 22 13 21 12 14 19 17 11 3 9 8 6 2 18 23 16 7 1 5 20 24 4 15) 1362.2932000 0.0007341
(15 10 25 22 13 21 12 14 19 17 11 3 9 8 6 2 18 23 16 7 1 5 20 24 4 15) 1362.2932000 0.0007341
(15 10 25 22 13 21 12 14 19 17 11 3 9 8 6 2 18 23 16 7 1 5 20 24 4 15) 1362.2932000 0.0007341
(15 10 25 22 13 21 12 14 19 17 11 3 9 8 6 2 18 23 16 7 1 5 20 24 4 15) 1362.2932000 0.0007341
(15 10 25 22 13 21 12 14 19 17 11 3 9 8 6 2 18 23 16 7 1 5 20 24 4 15) 1362.2932000 0.0007341
(15 10 25 22 13 21 12 14 19 17 11 3 9 8 6 2 18 23 16 7 1 5 20 24 4 15) 1362.2932000 0.0007341
(15 10 25 22 13 21 12 14 19 17 11 3 9 8 6 2 18 23 16 7 1 5 20 24 4 15) 1362.2932000 0.0007341
(15 10 25 22 13 21 12 14 19 17 11 3 9 8 6 2 18 23 16 7 1 5 20 24 4 15) 1362.2932000 0.0007341
(15 10 25 22 13 21 12 14 19 17 11 3 9 8 6 2 18 23 16 7 1 5 20 24 4 15) 1362.2932000 0.0007341
(15 10 25 22 13 21 12 14 19 17 11 3 9 8 6 2 18 23 16 7 1 5 20 24 4 15) 1362.2932000 0.0007341
(15 10 25 22 13 21 12 14 19 17 11 3 9 8 6 2 18 23 16 7 1 5 20 24 4 15) 1362.2932000 0.0007341
(15 10 25 22 13 21 12 14 19 18 11 3 9 8 6 2 17 23 16 7 1 5 20 24 4 15) 1352.1891000 0.0007395
(15 10 25 22 13 21 12 14 19 18 11 3 9 8 6 2 17 23 16 7 1 5 20 24 4 15) 1352.1891000 0.0007395
(15 10 25 22 13 21 12 14 19 18 11 3 9 8 6 2 17 23 16 7 1 5 20 24 4 15) 1352.1891000 0.0007395
(15 10 25 22 13 21 12 14 19 11 3 18 9 8 6 2 17 23 16 7 1 5 20 24 4 15) 1349.6389000 0.0007409
(15 10 25 22 13 21 12 14 19 11 3 18 9 8 6 2 17 23 16 7 1 5 20 24 4 15) 1349.6389000 0.0007409
(15 10 25 22 13 21 12 14 19 11 3 18 9 8 6 2 17 23 16 7 1 5 20 24 4 15) 1349.6389000 0.0007409
(15 10 25 22 13 21 12 14 19 11 3 18 9 8 6 2 17 23 16 7 1 5 20 24 4 15) 1349.6389000 0.0007409
(15 10 25 22 13 21 12 14 19 11 3 18 9 8 6 2 17 23 16 7 1 5 20 24 4 15) 1349.6389000 0.0007409
(15 10 25 22 13 21 12 14 19 11 3 18 9 8 6 2 17 23 16 7 1 5 20 24 4 15) 1349.6389000 0.0007409
(15 10 25 22 13 21 12 14 19 11 3 18 9 8 6 2 17 23 16 7 1 5 20 24 4 15) 1349.6389000 0.0007409
(15 10 25 22 13 21 12 14 19 11 3 18 9 8 6 2 17 23 16 7 1 5 20 24 4 15) 1349.6389000 0.0007409
(15 10 25 22 13 21 12 14 19 11 3 18 9 8 6 2 17 23 16 7 1 5 20 24 4 15) 1349.6389000 0.0007409
(15 10 25 22 13 21 12 14 19 11 3 18 9 8 6 2 17 23 16 7 1 5 20 24 4 15) 1349.6389000 0.0007409
(15 10 25 22 13 21 12 14 19 11 3 18 9 8 6 2 17 23 16 7 1 5 20 24 4 15) 1349.6389000 0.0007409
(15 10 25 3 13 21 12 14 19 11 22 18 9 8 6 2 17 23 16 7 1 5 20 24 4 15) 1301.7521000 0.0007682
(15 10 25 3 13 21 12 14 19 11 22 18 9 8 6 2 17 23 16 7 1 5 20 24 4 15) 1301.7521000 0.0007682
(15 10 25 3 13 21 12 14 19 11 22 18 9 8 6 2 17 23 16 7 1 5 20 24 4 15) 1301.7521000 0.0007682
(15 10 25 3 13 21 12 14 19 11 22 18 9 8 6 2 17 23 16 7 1 5 20 24 4 15) 1301.7521000 0.0007682
(15 10 25 3 13 21 12 14 19 11 22 18 9 8 6 2 17 23 16 7 1 5 20 24 4 15) 1301.7521000 0.0007682
(15 10 25 3 13 21 12 14 19 11 22 18 9 8 6 2 17 23 16 7 1 5 20 24 4 15) 1301.7521000 0.0007682
(15 10 25 3 13 21 12 14 19 11 22 18 9 8 6 2 17 23 16 7 1 5 20 24 4 15) 1301.7521000 0.0007682
(15 10 25 3 13 21 12 14 19 11 22 18 9 8 6 2 17 23 16 7 1 5 20 24 4 15) 1301.7521000 0.0007682
(15 10 25 3 13 21 12 14 19 11 22 18 9 8 6 2 17 23 16 7 1 5 20 24 4 15) 1301.7521000 0.0007682
(15 10 25 3 13 21 12 14 19 11 22 18 9 8 6 2 17 23 16 7 1 5 20 24 4 15) 1301.7521000 0.0007682
(15 10 25 3 13 21 12 14 19 11 22 18 9 8 6 2 17 23 16 7 1 5 20 24 4 15) 1301.7521000 0.0007682
(15 10 25 3 13 21 12 14 19 11 22 18 9 8 6 2 17 23 16 7 1 5 20 24 4 15) 1301.7521000 0.0007682
(15 10 25 3 13 21 12 14 19 11 22 18 9 8 6 2 17 23 16 7 1 5 20 24 4 15) 1301.7521000 0.0007682
(15 10 25 3 13 21 12 14 19 11 22 18 9 8 6 2 17 23 16 7 1 5 20 24 4 15) 1301.7521000 0.0007682
(15 10 25 3 13 21 12 14 19 11 22 18 9 8 6 2 17 23 16 7 1 5 20 24 4 15) 1301.7521000 0.0007682
(15 10 25 3 13 21 12 14 19 11 22 18 9 8 6 2 17 23 16 7 1 5 20 24 4 15) 1301.7521000 0.0007682
(15 10 25 3 13 21 12 14 19 11 22 18 9 8 6 2 17 23 16 7 1 5 20 24 4 15) 1301.7521000 0.0007682
(15 10 25 3 13 21 12 14 19 11 22 18 9 8 6 2 17 23 16 7 1 5 20 24 4 15) 1301.7521000 0.0007682
(15 10 25 3 13 21 12 14 19 11 22 18 9 8 6 2 17 23 16 7 1 5 20 24 4 15) 1301.7521000 0.0007682
(15 10 25 3 13 21 12 14 19 11 22 18 9 8 6 2 17 23 16 7 1 5 20 24 4 15) 1301.7521000 0.0007682
(15 10 25 3 13 21 12 14 19 11 22 18 9 8 6 2 17 23 16 7 1 5 20 24 4 15) 1301.7521000 0.0007682
(15 10 25 3 13 21 12 14 19 11 22 18 9 8 6 2 17 23 16 7 1 5 20 24 4 15) 1301.7521000 0.0007682
(15 10 25 3 13 21 12 14 19 11 22 18 9 8 6 2 17 23 16 7 1 5 20 24 4 15) 1301.7521000 0.0007682
(15 10 25 3 13 21 12 14 19 11 22 18 9 8 6 2 17 23 16 7 1 5 20 24 4 15) 1301.7521000 0.0007682
(15 10 25 3 13 21 12 14 19 11 22 18 9 8 6 2 17 23 16 7 1 5 20 24 4 15) 1301.7521000 0.0007682
(15 10 25 3 13 21 12 14 19 11 22 18 9 8 6 2 17 23 16 7 1 5 20 24 4 15) 1301.7521000 0.0007682
(15 10 25 3 13 21 12 14 19 11 22 18 9 8 6 2 17 23 16 7 1 5 20 24 4 15) 1301.7521000 0.0007682
(15 10 25 3 13 21 12 14 19 11 22 18 9 8 6 2 17 23 16 7 1 5 20 24 4 15) 1301.7521000 0.0007682
(15 10 25 3 13 21 12 14 19 11 22 18 9 8 6 2 17 23 16 7 1 5 20 24 4 15) 1301.7521000 0.0007682
(15 10 25 3 13 21 12 14 19 11 22 18 9 8 6 2 17 23 16 7 1 5 20 24 4 15) 1301.7521000 0.0007682
(15 10 25 3 13 21 12 14 19 11 22 18 9 8 6 2 17 23 16 7 1 5 20 24 4 15) 1301.7521000 0.0007682
(15 10 25 3 13 21 12 14 19 11 22 18 9 8 6 2 17 23 16 7 1 5 20 24 4 15) 1301.7521000 0.0007682
(15 10 25 3 13 21 12 14 19 11 22 18 9 8 6 2 17 23 16 7 1 5 20 24 4 15) 1301.7521000 0.0007682
(15 10 25 3 18 21 12 14 19 11 22 13 9 8 6 2 17 23 16 7 1 5 20 24 4 15) 1279.3907000 0.0007816
(15 10 25 3 18 21 12 14 19 11 22 13 9 8 6 2 17 23 16 7 1 5 20 24 4 15) 1279.3907000 0.0007816
(15 10 25 3 21 12 14 19 13 11 22 18 9 8 6 2 17 23 16 7 1 5 20 24 4 15) 1244.2242000 0.0008037
(15 10 25 3 21 12 14 19 13 11 22 18 9 8 6 2 17 23 16 7 1 5 20 24 4 15) 1244.2242000 0.0008037
(15 10 25 3 21 12 14 19 13 11 22 18 9 8 6 2 17 23 16 7 1 5 20 24 4 15) 1244.2242000 0.0008037
(15 10 25 3 21 12 14 19 13 11 22 18 9 8 6 2 17 23 16 7 1 5 20 24 4 15) 1244.2242000 0.0008037
(15 10 25 3 21 12 14 19 13 11 22 18 9 8 6 2 17 23 16 7 1 5 20 24 4 15) 1244.2242000 0.0008037
(15 10 25 3 21 12 14 19 13 11 22 18 9 8 6 2 17 23 16 7 1 5 20 24 4 15) 1244.2242000 0.0008037
(15 10 25 3 21 12 14 19 13 11 22 18 9 8 6 2 17 23 16 7 1 5 20 24 4 15) 1244.2242000 0.0008037
(15 10 25 3 21 12 14 19 13 11 22 18 9 8 6 2 17 23 16 7 1 5 20 24 4 15) 1244.2242000 0.0008037
(15 10 25 3 21 12 14 19 13 11 22 18 9 8 6 2 17 23 16 7 1 5 20 24 4 15) 1244.2242000 0.0008037
(15 10 25 3 21 12 14 19 13 11 22 18 9 8 6 2 17 23 16 7 1 5 20 24 4 15) 1244.2242000 0.0008037
(15 10 25 3 21 12 14 19 13 11 22 18 9 8 6 2 17 23 16 7 1 5 20 24 4 15) 1244.2242000 0.0008037
(15 10 25 3 21 12 14 19 13 11 22 18 9 8 6 2 17 23 16 7 1 5 20 24 4 15) 1244.2242000 0.0008037
(15 10 25 3 21 12 14 19 13 11 22 18 9 8 6 2 17 23 16 7 1 5 20 24 4 15) 1244.2242000 0.0008037
(15 10 25 3 21 12 14 19 13 11 22 18 9 8 6 2 17 23 16 7 1 5 20 24 4 15) 1244.2242000 0.0008037
(15 10 25 3 21 12 14 19 13 11 22 18 9 8 6 2 17 23 16 7 1 5 20 24 4 15) 1244.2242000 0.0008037
(15 10 25 3 21 12 14 19 13 11 22 18 9 8 6 2 17 23 16 7 1 5 20 24 4 15) 1244.2242000 0.0008037
(15 10 25 3 21 12 14 19 13 11 22 18 9 8 6 2 17 23 16 7 1 5 20 24 4 15) 1244.2242000 0.0008037
(15 10 25 3 21 12 14 19 13 11 22 18 9 8 6 2 17 23 16 7 1 5 20 24 4 15) 1244.2242000 0.0008037
(15 10 25 3 21 12 14 19 13 11 22 18 9 8 6 2 17 23 16 7 1 5 20 24 4 15) 1244.2242000 0.0008037
(15 10 25 3 21 12 14 19 13 11 22 18 9 8 6 2 17 23 16 7 1 5 20 24 4 15) 1244.2242000 0.0008037
(15 10 25 3 21 12 14 19 13 11 22 18 9 8 6 2 17 23 16 7 1 5 20 24 4 15) 1244.2242000 0.0008037
(15 10 25 3 21 12 14 19 13 11 22 18 9 8 6 2 17 23 16 7 1 5 20 24 4 15) 1244.2242000 0.0008037
(15 10 25 3 21 12 14 19 13 11 22 18 9 8 6 2 17 23 16 7 1 5 20 24 4 15) 1244.2242000 0.0008037
(15 10 25 3 21 12 14 19 13 11 22 18 9 8 6 2 17 23 16 7 1 5 20 24 4 15) 1244.2242000 0.0008037
(15 10 25 3 21 12 14 19 13 11 22 18 9 8 6 2 17 23 16 7 1 5 20 24 4 15) 1244.2242000 0.0008037
(15 10 25 3 21 12 14 19 13 11 22 18 9 8 6 2 17 23 16 7 1 5 20 24 4 15) 1244.2242000 0.0008037
(15 10 25 3 21 12 14 19 13 11 22 18 9 8 6 2 17 23 16 7 1 5 20 24 4 15) 1244.2242000 0.0008037
(15 10 25 3 21 12 14 19 13 11 22 18 9 8 6 2 17 23 16 7 1 5 20 24 4 15) 1244.2242000 0.0008037
(15 10 25 3 21 12 14 19 13 11 22 18 9 8 6 2 17 23 16 7 1 5 20 24 4 15) 1244.2242000 0.0008037
(15 10 25 3 21 12 14 19 13 11 22 18 9 8 6 2 17 23 16 7 1 5 20 24 4 15) 1244.2242000 0.0008037
(15 10 25 3 21 12 14 19 13 11 22 18 9 8 6 2 17 23 16 7 1 5 20 24 4 15) 1244.2242000 0.0008037
(15 10 25 3 21 12 14 19 13 11 22 18 9 8 6 2 17 23 16 7 1 5 20 24 4 15) 1244.2242000 0.0008037
(15 10 25 3 21 12 14 19 13 11 22 18 9 8 6 2 17 23 16 7 1 5 20 24 4 15) 1244.2242000 0.0008037
(15 10 25 3 21 12 14 19 13 11 22 18 9 8 6 2 17 23 16 7 1 5 20 24 4 15) 1244.2242000 0.0008037
(15 10 25 3 21 12 14 19 13 11 22 18 9 8 6 2 17 23 16 7 1 5 20 24 4 15) 1244.2242000 0.0008037
(15 10 25 3 21 12 14 19 13 11 22 18 9 8 6 2 17 23 16 7 1 5 20 24 4 15) 1244.2242000 0.0008037
(15 10 25 3 21 12 14 19 13 11 22 18 9 8 6 2 17 23 16 7 1 5 20 24 4 15) 1244.2242000 0.0008037
(15 10 25 3 21 12 14 19 13 11 22 18 9 8 6 2 17 23 16 7 1 5 20 24 4 15) 1244.2242000 0.0008037
(15 10 25 3 21 12 14 19 13 11 22 18 9 8 6 2 17 23 16 7 1 5 20 24 4 15) 1244.2242000 0.0008037
(15 10 25 3 21 12 14 19 13 11 22 18 9 8 6 2 17 23 16 7 1 5 20 24 4 15) 1244.2242000 0.0008037
(15 10 25 3 21 12 14 19 13 11 22 18 9 8 6 2 17 23 16 7 1 5 20 24 4 15) 1244.2242000 0.0008037
(15 10 25 3 21 12 14 19 13 11 22 18 9 8 6 2 17 23 16 7 1 5 20 24 4 15) 1244.2242000 0.0008037
(15 10 25 3 21 12 14 19 13 11 22 18 9 8 6 2 17 23 16 7 1 5 20 24 4 15) 1244.2242000 0.0008037
(15 10 25 3 21 12 14 19 13 11 22 18 9 8 6 2 17 23 16 7 1 5 20 24 4 15) 1244.2242000 0.0008037
(15 10 25 3 21 12 14 19 13 11 22 18 9 8 6 2 17 23 16 7 1 5 20 24 4 15) 1244.2242000 0.0008037
(15 10 25 3 21 12 14 19 13 11 22 18 9 8 6 2 17 23 16 7 1 5 20 24 4 15) 1244.2242000 0.0008037
(15 10 25 3 21 12 14 19 13 11 22 18 9 8 6 2 17 23 16 7 1 5 20 24 4 15) 1244.2242000 0.0008037
(15 10 25 3 21 12 14 19 13 11 22 18 9 8 6 2 17 23 16 7 1 5 20 24 4 15) 1244.2242000 0.0008037
(15 10 25 3 21 12 14 19 13 11 22 18 9 8 6 2 17 23 16 7 1 5 20 24 4 15) 1244.2242000 0.0008037
(15 10 25 3 21 12 14 19 13 11 22 18 9 8 6 2 17 23 16 7 1 5 20 24 4 15) 1244.2242000 0.0008037
(15 10 25 3 21 12 14 19 13 11 22 18 9 8 6 2 17 23 16 7 1 5 20 24 4 15) 1244.2242000 0.0008037
(15 10 25 3 21 12 14 19 13 11 22 18 9 8 6 2 17 23 16 7 1 5 20 24 4 15) 1244.2242000 0.0008037
(15 10 25 3 21 12 14 19 13 11 22 18 9 8 6 2 17 23 16 7 1 5 20 24 4 15) 1244.2242000 0.0008037
(15 10 25 3 21 12 14 19 13 11 22 18 9 8 6 2 17 23 16 7 1 5 20 24 4 15) 1244.2242000 0.0008037
(15 10 25 3 21 12 14 19 13 11 22 18 9 8 6 2 17 23 16 7 1 5 20 24 4 15) 1244.2242000 0.0008037
(15 10 25 3 21 12 14 19 13 11 22 18 9 8 6 2 17 23 16 7 1 5 20 24 4 15) 1244.2242000 0.0008037
(15 10 25 3 21 12 14 19 13 11 22 18 9 8 6 2 17 23 16 7 1 5 20 24 4 15) 1244.2242000 0.0008037
(15 10 25 3 21 12 14 19 13 11 22 18 9 8 6 2 17 23 16 7 1 5 20 24 4 15) 1244.2242000 0.0008037
(15 10 25 3 21 12 14 19 13 11 22 18 9 8 6 2 17 23 16 7 1 5 20 24 4 15) 1244.2242000 0.0008037
(15 10 25 3 21 12 14 19 13 11 22 18 9 8 6 2 17 23 16 7 1 5 20 24 4 15) 1244.2242000 0.0008037
(15 10 25 3 21 12 14 19 13 11 22 18 9 8 6 2 17 23 16 7 1 5 20 24 4 15) 1244.2242000 0.0008037
(15 10 25 3 21 12 14 19 13 11 22 18 9 8 6 2 17 23 16 7 1 5 20 24 4 15) 1244.2242000 0.0008037
(15 10 25 3 21 12 14 19 13 11 22 18 9 8 6 2 17 23 16 7 1 5 20 24 4 15) 1244.2242000 0.0008037
(15 10 25 3 21 12 14 19 13 11 22 18 9 8 6 2 17 23 16 7 1 5 20 24 4 15) 1244.2242000 0.0008037
(15 10 25 3 21 12 14 19 13 11 22 18 9 8 6 2 17 23 16 7 1 5 20 24 4 15) 1244.2242000 0.0008037
(15 10 25 3 21 12 14 19 13 11 22 18 9 8 6 2 17 23 16 7 1 5 20 24 4 15) 1244.2242000 0.0008037
(15 10 25 3 21 12 14 19 13 11 22 18 9 8 6 2 17 23 16 7 1 5 20 24 4 15) 1244.2242000 0.0008037
(15 10 25 3 21 12 14 19 13 11 22 18 9 8 6 2 17 23 16 7 1 5 20 24 4 15) 1244.2242000 0.0008037
(15 10 25 3 21 12 14 19 13 11 22 18 9 8 6 2 17 23 16 7 1 5 20 24 4 15) 1244.2242000 0.0008037
(15 10 25 3 21 12 14 19 13 11 22 18 9 8 6 2 17 23 16 7 1 5 20 24 4 15) 1244.2242000 0.0008037
(15 10 25 3 21 12 14 19 13 11 22 18 9 8 6 2 17 23 16 7 1 5 20 24 4 15) 1244.2242000 0.0008037
(15 10 25 3 21 12 14 19 13 11 22 18 9 8 6 2 17 23 16 7 1 5 20 24 4 15) 1244.2242000 0.0008037
(15 10 25 3 21 12 14 19 13 11 22 18 9 8 6 2 17 23 16 7 1 5 20 24 4 15) 1244.2242000 0.0008037
(15 10 25 3 21 12 14 19 13 11 22 18 9 8 6 2 17 23 16 7 1 5 20 24 4 15) 1244.2242000 0.0008037
(15 10 25 3 21 12 14 19 13 11 22 18 9 8 6 2 17 23 16 7 1 5 20 24 4 15) 1244.2242000 0.0008037
(15 10 25 3 21 12 14 19 13 11 22 18 9 8 6 2 17 23 16 7 1 5 20 24 4 15) 1244.2242000 0.0008037
(15 10 25 3 21 12 14 19 13 11 22 18 9 8 6 2 17 23 16 7 1 5 20 24 4 15) 1244.2242000 0.0008037
(15 10 25 3 21 12 14 19 13 11 22 18 9 8 6 2 17 23 16 7 1 5 20 24 4 15) 1244.2242000 0.0008037
(15 10 25 3 21 12 14 19 13 11 22 18 9 8 6 2 17 23 16 7 1 5 20 24 4 15) 1244.2242000 0.0008037
(15 10 25 3 21 12 14 19 13 11 22 18 9 8 6 2 17 23 16 7 1 5 20 24 4 15) 1244.2242000 0.0008037
(15 10 25 3 21 12 14 19 13 11 22 18 9 8 6 2 17 23 16 7 1 5 20 24 4 15) 1244.2242000 0.0008037
(15 10 25 3 21 12 14 19 13 11 22 18 9 8 6 2 17 23 16 7 1 5 20 24 4 15) 1244.2242000 0.0008037
(15 10 25 3 21 12 14 19 13 11 22 18 9 8 6 2 17 23 16 7 1 5 20 24 4 15) 1244.2242000 0.0008037
(15 10 25 3 21 12 14 19 13 11 22 18 9 8 6 2 17 23 16 7 1 5 20 24 4 15) 1244.2242000 0.0008037
(15 10 25 3 21 12 14 19 13 11 22 18 9 8 6 2 17 23 16 7 1 5 20 24 4 15) 1244.2242000 0.0008037
(15 10 25 3 21 12 14 19 13 11 22 18 9 8 6 2 17 23 16 7 1 5 20 24 4 15) 1244.2242000 0.0008037
(15 10 25 3 21 12 14 19 13 11 22 18 9 8 6 2 17 23 16 7 1 5 20 24 4 15) 1244.2242000 0.0008037
(15 10 25 3 21 12 14 19 13 11 22 18 9 8 6 2 17 23 16 7 1 5 20 24 4 15) 1244.2242000 0.0008037
(15 10 25 3 21 12 14 19 13 11 22 18 9 8 6 2 17 23 16 7 1 5 20 24 4 15) 1244.2242000 0.0008037
(15 10 25 3 21 12 14 19 13 11 22 18 9 8 6 2 17 23 16 7 1 5 20 24 4 15) 1244.2242000 0.0008037
(15 10 25 3 21 12 14 19 13 11 22 18 9 8 6 2 17 23 16 7 1 5 20 24 4 15) 1244.2242000 0.0008037
(15 10 25 3 21 12 14 19 13 11 22 18 9 8 6 2 17 23 16 7 1 5 20 24 4 15) 1244.2242000 0.0008037
(15 10 25 3 21 12 14 19 13 11 22 18 9 8 6 2 17 23 16 7 1 5 20 24 4 15) 1244.2242000 0.0008037
(15 10 25 3 21 12 14 19 13 11 22 18 9 8 6 2 17 23 16 7 1 5 20 24 4 15) 1244.2242000 0.0008037
(15 10 25 3 21 12 14 19 13 11 22 18 9 8 6 2 17 23 16 7 1 5 20 24 4 15) 1244.2242000 0.0008037
(15 10 25 3 21 12 14 19 13 11 22 18 9 8 6 2 17 23 16 7 1 5 20 24 4 15) 1244.2242000 0.0008037
(15 10 25 3 21 12 14 19 13 11 22 18 9 8 6 2 17 23 16 7 1 5 20 24 4 15) 1244.2242000 0.0008037
(15 10 25 3 21 12 14 19 13 11 22 18 9 8 6 2 17 23 16 7 1 5 20 24 4 15) 1244.2242000 0.0008037
(15 10 25 3 21 12 14 19 13 11 22 18 9 8 6 2 17 23 16 7 1 5 20 24 4 15) 1244.2242000 0.0008037
(15 10 25 3 21 12 14 19 13 11 22 18 9 8 6 2 17 23 16 7 1 5 20 24 4 15) 1244.2242000 0.0008037
(15 10 25 3 21 12 14 19 13 11 22 18 9 8 6 2 17 23 16 7 1 5 20 24 4 15) 1244.2242000 0.0008037
(15 10 25 3 21 12 14 19 13 11 22 18 9 8 6 2 17 23 16 7 1 5 20 24 4 15) 1244.2242000 0.0008037
(15 10 25 3 21 12 14 19 13 11 22 18 9 8 6 2 17 23 16 7 1 5 20 24 4 15) 1244.2242000 0.0008037
(15 10 25 3 21 12 14 19 13 11 22 18 9 8 6 2 17 23 16 7 1 5 20 24 4 15) 1244.2242000 0.0008037
(15 10 25 3 21 12 14 19 13 11 22 18 9 8 6 2 17 23 16 7 1 5 20 24 4 15) 1244.2242000 0.0008037
(15 10 25 3 21 12 14 19 13 11 22 18 9 8 6 2 17 23 16 7 1 5 20 24 4 15) 1244.2242000 0.0008037
(15 10 25 3 21 12 14 19 13 11 22 18 9 8 6 2 17 23 16 7 1 5 20 24 4 15) 1244.2242000 0.0008037
(15 10 25 3 21 12 14 19 13 11 22 18 9 8 6 2 17 23 16 7 1 5 20 24 4 15) 1244.2242000 0.0008037
(15 10 25 3 21 12 14 19 13 11 22 18 9 8 6 2 17 23 16 7 1 5 20 24 4 15) 1244.2242000 0.0008037
(15 10 25 3 21 12 14 19 13 11 22 18 9 8 6 2 17 23 16 7 1 5 20 24 4 15) 1244.2242000 0.0008037
(15 10 25 3 21 12 14 19 13 11 22 18 9 8 6 2 17 23 16 7 1 5 20 24 4 15) 1244.2242000 0.0008037
(15 10 25 3 21 12 14 19 13 11 22 18 9 8 6 2 17 23 16 7 1 5 20 24 4 15) 1244.2242000 0.0008037
(15 10 25 3 21 12 14 19 13 11 22 18 9 8 6 2 17 23 16 7 1 5 20 24 4 15) 1244.2242000 0.0008037
(15 10 25 3 21 12 14 19 13 11 22 18 9 8 6 2 17 23 16 7 1 5 20 24 4 15) 1244.2242000 0.0008037
(15 10 25 3 21 12 14 19 13 11 22 18 9 8 6 2 17 23 16 7 1 5 20 24 4 15) 1244.2242000 0.0008037
(15 10 25 3 21 12 14 19 13 11 22 18 9 8 6 2 17 23 16 7 1 5 20 24 4 15) 1244.2242000 0.0008037
(15 10 25 3 21 12 14 19 13 11 22 18 9 8 6 2 17 23 16 7 1 5 20 24 4 15) 1244.2242000 0.0008037
(15 10 25 3 21 12 14 19 13 11 22 18 9 8 6 2 17 23 16 7 1 5 20 24 4 15) 1244.2242000 0.0008037
(15 10 25 3 21 12 14 19 13 11 22 18 9 8 6 2 17 23 16 7 1 5 20 24 4 15) 1244.2242000 0.0008037
(15 10 25 3 21 12 14 19 13 11 22 18 9 8 6 2 17 23 16 7 1 5 20 24 4 15) 1244.2242000 0.0008037
(15 10 25 3 21 12 14 19 13 11 22 18 9 8 6 2 17 23 16 7 1 5 20 24 4 15) 1244.2242000 0.0008037
(15 10 25 3 21 12 14 19 13 11 22 18 9 8 6 2 17 23 16 7 1 5 20 24 4 15) 1244.2242000 0.0008037
(15 10 25 3 21 12 14 19 13 11 22 18 9 8 6 2 17 23 16 7 1 5 20 24 4 15) 1244.2242000 0.0008037
(15 10 25 3 21 12 14 19 13 11 22 18 9 8 6 2 17 23 16 7 1 5 20 24 4 15) 1244.2242000 0.0008037
(15 10 25 3 21 12 14 19 13 11 22 18 9 8 6 2 17 23 16 7 1 5 20 24 4 15) 1244.2242000 0.0008037
(15 10 25 3 21 12 14 19 13 11 22 18 9 8 6 2 17 23 16 7 1 5 20 24 4 15) 1244.2242000 0.0008037
(15 10 25 3 21 12 14 19 13 11 22 18 9 8 6 2 17 23 16 7 1 5 20 24 4 15) 1244.2242000 0.0008037
(15 10 25 3 21 12 14 19 13 11 22 18 9 8 6 2 17 23 16 7 1 5 20 24 4 15) 1244.2242000 0.0008037
(15 10 25 3 21 12 14 19 13 11 22 18 9 8 6 2 17 23 16 7 1 5 20 24 4 15) 1244.2242000 0.0008037
(15 10 25 3 21 12 14 19 13 11 22 18 9 8 6 2 17 23 16 7 1 5 20 24 4 15) 1244.2242000 0.0008037
(15 10 25 3 21 12 14 19 13 11 22 18 9 8 6 2 17 23 16 7 1 5 20 24 4 15) 1244.2242000 0.0008037
(15 10 25 3 21 12 14 19 13 11 22 18 9 8 6 2 17 23 16 7 1 5 20 24 4 15) 1244.2242000 0.0008037
(15 10 25 3 21 12 14 19 13 11 22 18 9 8 6 2 17 23 16 7 1 5 20 24 4 15) 1244.2242000 0.0008037
(15 10 25 3 21 12 14 19 13 11 22 18 9 8 6 2 17 23 16 7 1 5 20 24 4 15) 1244.2242000 0.0008037
(15 10 25 3 21 12 14 19 13 11 22 18 9 8 6 2 17 23 16 7 1 5 20 24 4 15) 1244.2242000 0.0008037
(15 10 25 3 21 12 14 19 13 11 22 18 9 8 6 2 17 23 16 7 1 5 20 24 4 15) 1244.2242000 0.0008037
(15 10 25 3 21 12 14 19 13 11 22 18 9 8 6 2 17 23 16 7 1 5 20 24 4 15) 1244.2242000 0.0008037
(15 10 25 3 21 12 14 19 13 11 22 18 9 8 6 2 17 23 16 7 1 5 20 24 4 15) 1244.2242000 0.0008037
(15 10 25 3 21 12 14 19 13 11 22 18 9 8 6 2 17 23 16 7 1 5 20 24 4 15) 1244.2242000 0.0008037
(15 10 25 3 21 12 14 19 13 11 22 18 9 8 6 2 17 23 16 7 1 5 20 24 4 15) 1244.2242000 0.0008037
(15 10 25 3 21 12 14 19 13 11 22 18 9 8 6 2 17 23 16 7 1 5 20 24 4 15) 1244.2242000 0.0008037
(15 10 25 3 21 12 14 19 13 11 22 18 9 8 6 2 17 23 16 7 1 5 20 24 4 15) 1244.2242000 0.0008037
(15 10 25 3 21 12 14 19 13 11 22 18 9 8 6 2 17 23 16 7 1 5 20 24 4 15) 1244.2242000 0.0008037
(15 10 25 3 21 12 14 19 13 11 22 18 9 8 6 2 17 23 16 7 1 5 20 24 4 15) 1244.2242000 0.0008037
(15 10 25 3 21 12 14 19 13 11 22 18 9 8 6 2 17 23 16 7 1 5 20 24 4 15) 1244.2242000 0.0008037
(15 10 25 3 21 12 14 19 13 11 22 18 9 8 6 2 17 23 16 7 1 5 20 24 4 15) 1244.2242000 0.0008037
(15 10 25 3 21 12 14 19 13 11 22 18 9 8 6 2 17 23 16 7 1 5 20 24 4 15) 1244.2242000 0.0008037
(15 10 25 3 21 12 14 19 13 11 22 18 9 8 6 2 17 23 16 7 1 5 20 24 4 15) 1244.2242000 0.0008037
(15 10 25 3 21 12 14 19 13 11 22 18 9 8 6 2 17 23 16 7 1 5 20 24 4 15) 1244.2242000 0.0008037
(15 10 25 3 21 12 14 19 13 11 22 18 9 8 6 2 17 23 16 7 1 5 20 24 4 15) 1244.2242000 0.0008037
(15 10 25 3 21 12 14 19 13 11 22 18 9 8 6 2 17 23 16 7 1 5 20 24 4 15) 1244.2242000 0.0008037
(15 10 25 3 21 12 14 19 13 11 22 18 9 8 6 2 17 23 16 7 1 5 20 24 4 15) 1244.2242000 0.0008037
(15 10 25 3 21 12 14 19 13 11 22 18 9 8 6 2 17 23 16 7 1 5 20 24 4 15) 1244.2242000 0.0008037
(15 10 25 3 21 12 14 19 13 11 22 18 9 8 6 2 17 23 16 7 1 5 20 24 4 15) 1244.2242000 0.0008037
(15 10 25 3 21 12 14 19 13 11 22 18 9 8 6 2 17 23 16 7 1 5 20 24 4 15) 1244.2242000 0.0008037
(15 10 25 3 21 12 14 19 13 11 22 18 9 8 6 2 17 23 16 7 1 5 20 24 4 15) 1244.2242000 0.0008037
(15 10 25 3 21 12 14 19 13 11 22 18 9 8 6 2 17 23 16 7 1 5 20 24 4 15) 1244.2242000 0.0008037
(15 10 25 3 21 12 14 19 13 11 22 18 9 8 6 2 17 23 16 7 1 5 20 24 4 15) 1244.2242000 0.0008037
(15 10 25 3 21 12 14 19 13 11 22 18 9 8 6 2 17 23 16 7 1 5 20 24 4 15) 1244.2242000 0.0008037
(15 10 25 3 21 12 14 19 13 11 22 18 9 8 6 2 17 23 16 7 1 5 20 24 4 15) 1244.2242000 0.0008037
(15 10 25 3 21 12 14 19 13 11 22 18 9 8 6 2 17 23 16 7 1 5 20 24 4 15) 1244.2242000 0.0008037
(15 10 25 3 21 12 14 19 13 11 22 18 9 8 6 2 17 23 16 7 1 5 20 24 4 15) 1244.2242000 0.0008037
(15 10 25 3 21 12 14 19 13 11 22 18 9 8 6 2 17 23 16 7 1 5 20 24 4 15) 1244.2242000 0.0008037
(15 10 25 3 21 12 14 19 13 11 22 18 9 8 6 2 17 23 16 7 1 5 20 24 4 15) 1244.2242000 0.0008037
(15 10 25 3 21 12 14 19 13 11 22 18 9 8 6 2 17 23 16 7 1 5 20 24 4 15) 1244.2242000 0.0008037
(15 10 25 3 21 12 14 19 13 11 22 18 9 8 6 2 17 23 16 7 1 5 20 24 4 15) 1244.2242000 0.0008037
(15 10 25 3 21 12 14 19 13 11 22 18 9 8 6 2 17 23 16 7 1 5 20 24 4 15) 1244.2242000 0.0008037
(15 10 25 3 21 12 14 19 13 11 22 18 9 8 6 2 17 23 16 7 1 5 20 24 4 15) 1244.2242000 0.0008037
(15 10 25 3 21 12 14 19 13 11 22 18 9 8 6 2 17 23 16 7 1 5 20 24 4 15) 1244.2242000 0.0008037
(15 10 25 3 21 12 14 19 13 11 22 18 9 8 6 2 17 23 16 7 1 5 20 24 4 15) 1244.2242000 0.0008037
(15 10 25 3 21 12 14 19 13 11 22 18 9 8 6 2 17 23 16 7 1 5 20 24 4 15) 1244.2242000 0.0008037
(15 10 25 3 21 12 14 19 13 11 22 18 9 8 6 2 17 23 16 7 1 5 20 24 4 15) 1244.2242000 0.0008037
(15 10 25 3 21 12 14 19 13 11 22 18 9 8 6 2 17 23 16 7 1 5 20 24 4 15) 1244.2242000 0.0008037
(15 10 25 3 21 12 14 19 13 11 22 18 9 8 6 2 17 23 16 7 1 5 20 24 4 15) 1244.2242000 0.0008037
(15 10 25 3 21 12 14 19 13 11 22 18 9 8 6 2 17 23 16 7 1 5 20 24 4 15) 1244.2242000 0.0008037
(15 10 25 3 21 12 14 19 13 11 22 18 9 8 6 2 17 23 16 7 1 5 20 24 4 15) 1244.2242000 0.0008037
(15 10 25 3 21 12 14 19 13 11 22 18 9 8 6 2 17 23 16 7 1 5 20 24 4 15) 1244.2242000 0.0008037
(15 10 25 3 21 12 14 19 13 11 22 18 9 8 6 2 17 23 16 7 1 5 20 24 4 15) 1244.2242000 0.0008037
(15 10 25 3 21 12 14 19 13 11 22 18 9 8 6 2 17 23 16 7 1 5 20 24 4 15) 1244.2242000 0.0008037
(15 10 25 3 21 12 14 19 13 11 22 18 9 8 6 2 17 23 16 7 1 5 20 24 4 15) 1244.2242000 0.0008037
(15 10 25 3 21 12 14 19 13 11 22 18 9 8 6 2 17 23 16 7 1 5 20 24 4 15) 1244.2242000 0.0008037
(15 10 25 3 21 12 14 19 13 11 22 18 9 8 6 2 17 23 16 7 1 5 20 24 4 15) 1244.2242000 0.0008037
(15 10 25 3 21 12 14 19 13 11 22 18 9 8 6 2 17 23 16 7 1 5 20 24 4 15) 1244.2242000 0.0008037
(15 10 25 3 21 12 14 19 13 11 22 18 9 8 6 2 17 23 16 7 1 5 20 24 4 15) 1244.2242000 0.0008037
(15 10 25 3 21 12 14 19 13 11 22 18 9 8 6 2 17 23 16 7 1 5 20 24 4 15) 1244.2242000 0.0008037
(15 10 25 3 21 12 14 19 13 11 22 18 9 8 6 2 17 23 16 7 1 5 20 24 4 15) 1244.2242000 0.0008037
(15 10 25 3 21 12 14 19 13 11 22 18 9 8 6 2 17 23 16 7 1 5 20 24 4 15) 1244.2242000 0.0008037
(15 10 25 3 21 12 14 19 13 11 22 18 9 8 6 2 17 23 16 7 1 5 20 24 4 15) 1244.2242000 0.0008037
(15 10 25 3 21 12 14 19 13 11 22 18 9 8 6 2 17 23 16 7 1 5 20 24 4 15) 1244.2242000 0.0008037
(15 10 25 3 21 12 14 19 13 11 22 18 9 8 6 2 17 23 16 7 1 5 20 24 4 15) 1244.2242000 0.0008037
(15 10 25 3 21 12 14 19 13 11 22 18 9 8 6 2 17 23 16 7 1 5 20 24 4 15) 1244.2242000 0.0008037
(15 10 25 3 21 12 14 19 13 11 22 18 9 8 6 2 17 23 16 7 1 5 20 24 4 15) 1244.2242000 0.0008037
(15 10 25 3 21 12 14 19 13 11 22 18 9 8 6 2 17 23 16 7 1 5 20 24 4 15) 1244.2242000 0.0008037
(15 10 25 3 21 12 14 19 13 11 22 18 9 8 6 2 17 23 16 7 1 5 20 24 4 15) 1244.2242000 0.0008037
(15 10 25 3 21 12 14 19 13 11 22 18 9 8 6 2 17 23 16 7 1 5 20 24 4 15) 1244.2242000 0.0008037
(15 10 25 3 21 12 14 19 13 11 22 18 9 8 6 2 17 23 16 7 1 5 20 24 4 15) 1244.2242000 0.0008037
(15 10 25 3 21 12 14 19 13 11 22 18 9 8 6 2 17 23 16 7 1 5 20 24 4 15) 1244.2242000 0.0008037
(15 10 25 3 21 12 14 19 13 11 22 18 9 8 6 2 17 23 16 7 1 5 20 24 4 15) 1244.2242000 0.0008037
(15 10 25 3 21 12 14 19 13 11 22 18 9 8 6 2 17 23 16 7 1 5 20 24 4 15) 1244.2242000 0.0008037
(15 10 25 3 21 12 14 19 13 11 22 18 9 8 6 2 17 23 16 7 1 5 20 24 4 15) 1244.2242000 0.0008037
(15 10 25 3 21 12 14 19 13 11 22 18 9 8 6 2 17 23 16 7 1 5 20 24 4 15) 1244.2242000 0.0008037
(15 10 25 3 21 12 14 19 13 11 22 18 9 8 6 2 17 23 16 7 1 5 20 24 4 15) 1244.2242000 0.0008037
(15 10 25 3 21 12 14 19 13 11 22 18 9 8 6 2 17 23 16 7 1 5 20 24 4 15) 1244.2242000 0.0008037
(15 10 25 3 21 12 14 19 13 11 22 18 9 8 6 2 17 23 16 7 1 5 20 24 4 15) 1244.2242000 0.0008037
(15 10 25 3 21 12 14 19 13 11 22 18 9 8 6 2 17 23 16 7 1 5 20 24 4 15) 1244.2242000 0.0008037
(15 10 25 3 21 12 14 19 13 11 22 18 9 8 6 2 17 23 16 7 1 5 20 24 4 15) 1244.2242000 0.0008037
(15 10 25 3 21 12 14 19 13 11 22 18 9 8 6 2 17 23 16 7 1 5 20 24 4 15) 1244.2242000 0.0008037
(15 10 25 3 21 12 14 19 13 11 22 18 9 8 6 2 17 23 16 7 1 5 20 24 4 15) 1244.2242000 0.0008037
(15 10 25 3 21 12 14 19 13 11 22 18 9 8 6 2 17 23 16 7 1 5 20 24 4 15) 1244.2242000 0.0008037
(15 10 25 3 21 12 14 19 13 11 22 18 9 8 6 2 17 23 16 7 1 5 20 24 4 15) 1244.2242000 0.0008037
(15 10 25 3 21 12 14 19 13 11 22 18 9 8 6 2 17 23 16 7 1 5 20 24 4 15) 1244.2242000 0.0008037
(15 10 25 3 21 12 14 19 13 11 22 18 9 8 6 2 17 23 16 7 1 5 20 24 4 15) 1244.2242000 0.0008037
(15 10 25 3 21 12 14 19 13 11 22 18 9 8 6 2 17 23 16 7 1 5 20 24 4 15) 1244.2242000 0.0008037
(15 10 25 3 21 12 14 19 13 11 22 18 9 8 6 2 17 23 16 7 1 5 20 24 4 15) 1244.2242000 0.0008037
(15 10 25 3 21 12 14 19 13 11 22 18 9 8 6 2 17 23 16 7 1 5 20 24 4 15) 1244.2242000 0.0008037
(15 10 25 3 21 12 14 19 13 11 22 18 9 8 6 2 17 23 16 7 1 5 20 24 4 15) 1244.2242000 0.0008037
(15 10 25 3 21 12 14 19 13 11 22 18 9 8 6 2 17 23 16 7 1 5 20 24 4 15) 1244.2242000 0.0008037
(15 10 25 3 21 12 14 19 13 11 22 18 9 8 6 2 17 23 16 7 1 5 20 24 4 15) 1244.2242000 0.0008037
(15 10 25 3 21 12 14 19 13 11 22 18 9 8 6 2 17 23 16 7 1 5 20 24 4 15) 1244.2242000 0.0008037
(15 10 25 3 21 12 14 19 13 11 22 18 9 8 6 2 17 23 16 7 1 5 20 24 4 15) 1244.2242000 0.0008037
(15 10 25 3 21 12 14 19 13 11 22 18 9 8 6 2 17 23 16 7 1 5 20 24 4 15) 1244.2242000 0.0008037
(15 10 25 3 21 12 14 19 13 11 22 18 9 8 6 2 17 23 16 7 1 5 20 24 4 15) 1244.2242000 0.0008037
(15 10 25 3 21 12 14 19 13 11 22 18 9 8 6 2 17 23 16 7 1 5 20 24 4 15) 1244.2242000 0.0008037
(15 10 25 3 21 12 14 19 13 11 22 18 9 8 6 2 17 23 16 7 1 5 20 24 4 15) 1244.2242000 0.0008037
(15 10 25 3 21 12 14 19 13 11 22 18 9 8 6 2 17 23 16 7 1 5 20 24 4 15) 1244.2242000 0.0008037
(15 10 25 3 21 12 14 19 13 11 22 18 9 8 6 2 17 23 16 7 1 5 20 24 4 15) 1244.2242000 0.0008037
(15 10 25 3 21 12 14 19 13 11 22 18 9 8 6 2 17 23 16 7 1 5 20 24 4 15) 1244.2242000 0.0008037
(15 10 25 3 21 12 14 19 13 11 22 18 9 8 6 2 17 23 16 7 1 5 20 24 4 15) 1244.2242000 0.0008037
(15 10 25 3 21 12 14 19 13 11 22 18 9 8 6 2 17 23 16 7 1 5 20 24 4 15) 1244.2242000 0.0008037
(15 10 25 3 21 12 14 19 13 11 22 18 9 8 6 2 17 23 16 7 1 5 20 24 4 15) 1244.2242000 0.0008037
(15 10 25 3 21 12 14 19 13 11 22 18 9 8 6 2 17 23 16 7 1 5 20 24 4 15) 1244.2242000 0.0008037
(15 10 25 3 21 12 14 19 13 11 22 18 9 8 6 2 17 23 16 7 1 5 20 24 4 15) 1244.2242000 0.0008037
(15 10 25 3 21 12 14 19 13 11 22 18 9 8 6 2 17 23 16 7 1 5 20 24 4 15) 1244.2242000 0.0008037
(15 10 25 3 21 12 14 19 13 11 22 18 9 8 6 2 17 23 16 7 1 5 20 24 4 15) 1244.2242000 0.0008037
(15 10 25 3 21 12 14 19 13 11 22 18 9 8 6 2 17 23 16 7 1 5 20 24 4 15) 1244.2242000 0.0008037
(15 10 25 3 21 12 14 19 13 11 22 18 9 8 6 2 17 23 16 7 1 5 20 24 4 15) 1244.2242000 0.0008037
(15 10 25 3 21 12 14 19 13 11 22 18 9 8 6 2 17 23 16 7 1 5 20 24 4 15) 1244.2242000 0.0008037
(15 10 25 3 21 12 14 19 13 11 22 18 9 8 6 2 17 23 16 7 1 5 20 24 4 15) 1244.2242000 0.0008037
(15 10 25 3 21 12 14 19 13 11 22 18 9 8 6 2 17 23 16 7 1 5 20 24 4 15) 1244.2242000 0.0008037
(15 10 25 3 21 12 14 19 13 11 22 18 9 8 6 2 17 23 16 7 1 5 20 24 4 15) 1244.2242000 0.0008037
(15 10 25 3 21 12 14 19 13 11 22 18 9 8 6 2 17 23 16 7 1 5 20 24 4 15) 1244.2242000 0.0008037
(15 10 25 3 21 12 14 19 13 11 22 18 9 8 6 2 17 23 16 7 1 5 20 24 4 15) 1244.2242000 0.0008037
(15 10 25 3 21 12 14 19 13 11 22 18 9 8 6 2 17 23 16 7 1 5 20 24 4 15) 1244.2242000 0.0008037
(15 10 25 3 21 12 14 19 13 11 22 18 9 8 6 2 17 23 16 7 1 5 20 24 4 15) 1244.2242000 0.0008037
(15 10 25 3 21 12 14 19 13 11 22 18 9 8 6 2 17 23 16 7 1 5 20 24 4 15) 1244.2242000 0.0008037
(15 10 25 3 21 12 14 19 13 11 22 18 9 8 6 2 17 23 16 7 1 5 20 24 4 15) 1244.2242000 0.0008037
(15 10 25 3 21 12 14 19 13 11 22 18 9 8 6 2 17 23 16 7 1 5 20 24 4 15) 1244.2242000 0.0008037
(15 10 25 3 21 12 14 19 13 11 22 18 9 8 6 2 17 23 16 7 1 5 20 24 4 15) 1244.2242000 0.0008037
(15 10 25 3 21 12 14 19 13 11 22 18 9 8 6 2 17 23 16 7 1 5 20 24 4 15) 1244.2242000 0.0008037
(15 10 25 3 21 12 14 19 13 11 22 18 9 8 6 2 17 23 16 7 1 5 20 24 4 15) 1244.2242000 0.0008037
(15 10 25 3 21 12 14 19 13 11 22 18 9 8 6 2 17 23 16 7 1 5 20 24 4 15) 1244.2242000 0.0008037
(15 10 25 3 21 12 14 19 13 11 22 18 9 8 6 2 17 23 16 7 1 5 20 24 4 15) 1244.2242000 0.0008037
(15 10 25 3 21 12 14 19 13 11 22 18 9 8 6 2 17 23 16 7 1 5 20 24 4 15) 1244.2242000 0.0008037
(15 10 25 3 21 12 14 19 13 11 22 18 9 8 6 2 17 23 16 7 1 5 20 24 4 15) 1244.2242000 0.0008037
(15 10 25 3 21 12 14 19 13 11 22 18 9 8 6 2 17 23 16 7 1 5 20 24 4 15) 1244.2242000 0.0008037
(15 10 25 3 21 12 14 19 13 11 22 18 9 8 6 2 17 23 16 7 1 5 20 24 4 15) 1244.2242000 0.0008037
(15 10 25 3 21 12 14 19 13 11 22 18 9 8 6 2 17 23 16 7 1 5 20 24 4 15) 1244.2242000 0.0008037
(15 10 25 3 21 12 14 19 13 11 22 18 9 8 6 2 17 23 16 7 1 5 20 24 4 15) 1244.2242000 0.0008037
(15 10 25 3 21 12 14 19 13 11 22 18 9 8 6 2 17 23 16 7 1 5 20 24 4 15) 1244.2242000 0.0008037
(15 10 25 3 21 12 14 19 13 11 22 18 9 8 6 2 17 23 16 7 1 5 20 24 4 15) 1244.2242000 0.0008037
(15 10 25 3 21 12 14 19 13 11 22 18 9 8 6 2 17 23 16 7 1 5 20 24 4 15) 1244.2242000 0.0008037
(15 10 25 3 21 12 14 19 13 11 22 18 9 8 6 2 17 23 16 7 1 5 20 24 4 15) 1244.2242000 0.0008037
(15 10 25 3 21 12 14 19 13 11 22 18 9 8 6 2 17 23 16 7 1 5 20 24 4 15) 1244.2242000 0.0008037
(15 10 25 3 21 12 14 19 13 11 22 18 9 8 6 2 17 23 16 7 1 5 20 24 4 15) 1244.2242000 0.0008037
(15 10 25 3 21 12 14 19 13 11 22 18 9 8 6 2 17 23 16 7 1 5 20 24 4 15) 1244.2242000 0.0008037
(15 10 25 3 21 12 14 19 13 11 22 18 9 8 6 2 17 23 16 7 1 5 20 24 4 15) 1244.2242000 0.0008037
(15 10 25 3 21 12 14 19 13 11 22 18 9 8 6 2 17 23 16 7 1 5 20 24 4 15) 1244.2242000 0.0008037
(15 10 25 3 21 12 14 19 13 11 22 18 9 8 6 2 17 23 16 7 1 5 20 24 4 15) 1244.2242000 0.0008037
(15 10 25 3 21 12 14 19 13 11 22 18 9 8 6 2 17 23 16 7 1 5 20 24 4 15) 1244.2242000 0.0008037
(15 10 25 3 21 12 14 19 13 11 22 18 9 8 6 2 17 23 16 7 1 5 20 24 4 15) 1244.2242000 0.0008037
(15 10 25 3 21 12 14 19 13 11 22 18 9 8 6 2 17 23 16 7 1 5 20 24 4 15) 1244.2242000 0.0008037
(15 10 25 3 21 12 14 19 13 11 22 18 9 8 6 2 17 23 16 7 1 5 20 24 4 15) 1244.2242000 0.0008037
(15 10 25 3 21 12 14 19 13 11 22 18 9 8 6 2 17 23 16 7 1 5 20 24 4 15) 1244.2242000 0.0008037
(15 10 25 3 21 12 14 19 13 11 22 18 9 8 6 2 17 23 16 7 1 5 20 24 4 15) 1244.2242000 0.0008037
(15 10 25 3 21 12 14 19 13 11 22 18 9 8 6 2 17 23 16 7 1 5 20 24 4 15) 1244.2242000 0.0008037
(15 10 25 3 21 12 14 19 13 11 22 18 9 8 6 2 17 23 16 7 1 5 20 24 4 15) 1244.2242000 0.0008037
(15 10 25 3 21 12 14 19 13 11 22 18 9 8 6 2 17 23 16 7 1 5 20 24 4 15) 1244.2242000 0.0008037
(15 10 25 3 21 12 14 19 13 11 22 18 9 8 6 2 17 23 16 7 1 5 20 24 4 15) 1244.2242000 0.0008037
(15 10 25 3 21 12 14 19 13 11 22 18 9 8 6 2 17 23 16 7 1 5 20 24 4 15) 1244.2242000 0.0008037
(15 10 25 3 21 12 14 19 13 11 22 18 9 8 6 2 17 23 16 7 1 5 20 24 4 15) 1244.2242000 0.0008037
(15 10 25 3 21 12 14 19 13 11 22 18 9 8 6 2 17 23 16 7 1 5 20 24 4 15) 1244.2242000 0.0008037
(15 10 25 3 21 12 14 19 13 11 22 18 9 8 6 2 17 23 16 7 1 5 20 24 4 15) 1244.2242000 0.0008037
(15 10 25 3 21 12 14 19 13 11 22 18 9 8 6 2 17 23 16 7 1 5 20 24 4 15) 1244.2242000 0.0008037
(15 10 25 3 21 12 14 19 13 11 22 18 9 8 6 2 17 23 16 7 1 5 20 24 4 15) 1244.2242000 0.0008037
(15 10 25 3 21 12 14 19 13 11 22 18 9 8 6 2 17 23 16 7 1 5 20 24 4 15) 1244.2242000 0.0008037
(15 10 25 3 21 12 14 19 13 11 22 18 9 8 6 2 17 23 16 7 1 5 20 24 4 15) 1244.2242000 0.0008037
(15 10 25 3 21 12 14 19 13 11 22 18 9 8 6 2 17 23 16 7 1 5 20 24 4 15) 1244.2242000 0.0008037
