(15 4 24 9 19 10 2 21 18 3 12 6 8 17 5 7 11 1 25 22 13 16 23 14 20 15) 2088.7810000 0.0004787
(15 25 20 24 4 6 18 10 19 7 8 2 21 9 3 17 12 1 5 16 13 23 22 11 14 15) 2038.0074000 0.0004907
(15 25 20 24 4 6 18 10 19 7 8 2 21 9 3 17 12 1 5 16 13 23 22 11 14 15) 2038.0074000 0.0004907
(15 24 20 3 18 17 11 5 6 4 12 10 9 19 23 1 2 8 25 22 13 16 7 14 21 15) 1990.1650000 0.0005025
(15 24 20 3 18 17 11 5 6 4 12 10 9 19 23 1 2 8 25 22 13 16 7 14 21 15) 1990.1650000 0.0005025
(15 6 18 17 24 3 21 7 20 4 12 8 25 10 19 9 2 1 5 16 13 23 11 22 14 15) 1972.2542000 0.0005070
(15 6 18 17 24 3 21 7 20 4 12 8 25 10 19 9 2 1 5 16 13 23 11 22 14 15) 1972.2542000 0.0005070
(15 6 18 17 24 3 21 7 20 4 12 8 25 10 19 9 14 1 5 16 13 23 22 11 2 15) 1937.1682000 0.0005162
(15 6 18 17 24 3 21 7 20 4 12 8 25 10 19 9 14 1 5 16 13 23 22 11 2 15) 1937.1682000 0.0005162
(15 6 18 17 24 3 21 7 20 4 12 8 25 10 19 9 14 1 5 16 13 23 22 11 2 15) 1937.1682000 0.0005162
(15 6 18 17 24 3 21 7 20 4 12 8 25 10 19 9 14 1 5 16 13 23 22 11 2 15) 1937.1682000 0.0005162
(15 6 18 17 3 24 21 7 20 4 12 8 25 10 19 9 2 1 5 16 13 23 11 22 14 15) 1880.8755000 0.0005317
(15 6 18 17 3 24 21 20 4 12 8 25 10 19 9 1 5 16 13 23 22 11 7 14 2 15) 1852.0095000 0.0005400
(15 6 18 17 3 24 21 7 20 4 12 8 25 10 19 9 14 1 5 16 13 23 22 11 2 15) 1845.7896000 0.0005418
(15 6 18 17 3 24 21 7 20 4 12 8 25 10 19 9 14 1 5 16 13 23 22 11 2 15) 1845.7896000 0.0005418
(15 6 18 17 3 24 21 7 20 4 12 8 25 10 19 9 14 1 5 16 13 23 22 11 2 15) 1845.7896000 0.0005418
(15 6 18 17 3 24 21 7 1 4 12 8 25 10 19 9 14 20 5 16 13 23 22 11 2 15) 1828.4751000 0.0005469
(15 6 18 17 3 24 21 7 20 4 12 8 10 19 9 1 5 16 13 23 22 11 25 2 14 15) 1759.3217000 0.0005684
(15 6 18 17 3 24 21 7 20 4 12 8 10 19 9 1 5 16 13 23 22 11 25 2 14 15) 1759.3217000 0.0005684
(15 6 18 17 23 24 21 20 4 12 8 25 10 19 9 1 5 16 13 3 22 11 7 14 2 15) 1754.8156000 0.0005699
(15 6 18 17 23 24 21 20 4 12 8 25 10 19 9 1 5 16 13 3 22 11 7 14 2 15) 1754.8156000 0.0005699
(15 6 18 17 23 24 21 20 4 12 8 25 10 19 9 1 5 16 13 3 22 11 7 14 2 15) 1754.8156000 0.0005699
(15 6 18 17 3 24 21 7 20 4 12 8 25 19 9 1 5 16 13 23 11 22 10 2 14 15) 1754.7452000 0.0005699
(15 6 18 17 3 24 21 7 20 4 12 8 25 19 9 1 5 16 13 23 11 22 10 2 14 15) 1754.7452000 0.0005699
(15 6 18 17 24 21 7 20 4 12 8 10 19 9 1 5 16 23 13 3 22 11 25 2 14 15) 1655.6686000 0.0006040
(15 6 18 17 24 21 7 20 4 12 8 10 19 9 1 5 16 23 13 3 22 11 25 2 14 15) 1655.6686000 0.0006040
(15 6 18 17 24 21 7 20 4 12 8 10 19 9 1 5 16 23 13 3 22 11 25 2 14 15) 1655.6686000 0.0006040
(15 6 18 17 24 21 7 20 4 12 8 19 9 1 5 16 23 13 3 22 11 25 10 2 14 15) 1595.1831000 0.0006269
(15 6 18 17 24 21 7 20 4 12 8 19 9 1 5 16 23 13 3 22 11 25 10 2 14 15) 1595.1831000 0.0006269
(15 6 18 17 24 21 7 20 4 12 8 19 9 1 5 16 23 13 3 22 11 25 10 2 14 15) 1595.1831000 0.0006269
(15 6 18 17 24 21 7 20 4 12 8 19 9 1 5 16 23 13 3 22 11 25 10 2 14 15) 1595.1831000 0.0006269
(15 6 18 17 24 21 7 20 4 12 8 19 9 1 5 16 23 13 3 22 11 25 10 2 14 15) 1595.1831000 0.0006269
(15 6 18 17 24 21 7 20 4 12 8 19 9 1 5 16 23 13 3 22 11 25 10 2 14 15) 1595.1831000 0.0006269
(15 6 18 17 9 21 7 20 4 12 8 19 24 1 5 16 23 13 3 22 11 25 10 2 14 15) 1561.1597000 0.0006405
(15 6 18 17 9 21 7 20 4 12 8 19 24 1 5 16 23 13 3 22 11 25 10 2 14 15) 1561.1597000 0.0006405
(15 6 18 17 9 21 7 20 4 12 8 19 24 1 5 16 23 13 3 22 11 25 10 2 14 15) 1561.1597000 0.0006405
(15 6 18 17 9 21 7 20 4 12 8 19 24 1 5 16 23 13 3 22 11 25 10 2 14 15) 1561.1597000 0.0006405
(15 6 18 17 9 21 7 20 4 12 8 19 24 1 5 16 23 13 3 22 11 25 10 2 14 15) 1561.1597000 0.0006405
(15 6 18 17 9 21 7 20 4 12 8 19 24 1 5 16 23 13 3 22 11 25 10 2 14 15) 1561.1597000 0.0006405
(15 6 18 17 9 21 7 20 4 12 8 19 24 1 5 16 23 13 3 22 11 25 10 2 14 15) 1561.1597000 0.0006405
(15 6 18 17 9 21 7 20 4 12 8 19 24 1 5 16 23 13 3 22 11 25 10 2 14 15) 1561.1597000 0.0006405
(15 6 18 17 9 21 7 20 4 12 8 19 24 1 5 16 23 13 3 22 11 25 10 2 14 15) 1561.1597000 0.0006405
(15 6 18 22 9 21 7 20 4 12 8 19 24 1 5 16 23 13 3 17 11 25 10 2 14 15) 1552.5164000 0.0006441
(15 6 18 22 9 21 7 20 4 12 8 19 24 1 5 16 23 13 3 17 11 25 10 2 14 15) 1552.5164000 0.0006441
(15 6 18 22 9 21 7 20 4 12 8 19 24 1 5 16 23 13 3 17 11 25 10 2 14 15) 1552.5164000 0.0006441
(15 6 18 22 9 21 7 20 4 12 8 19 24 1 5 16 23 13 3 17 11 25 10 2 14 15) 1552.5164000 0.0006441
(15 6 18 9 21 7 20 4 12 8 19 24 1 5 16 23 22 13 3 17 11 25 10 2 14 15) 1540.2043000 0.0006493
(15 6 18 9 21 7 20 4 12 8 19 24 1 5 16 23 13 22 3 17 11 25 10 2 14 15) 1494.3165000 0.0006692
(15 6 18 9 21 7 20 4 12 8 19 24 1 5 16 23 13 22 3 17 11 25 10 2 14 15) 1494.3165000 0.0006692
(15 6 18 9 21 7 20 4 12 8 19 24 1 5 16 23 13 22 3 17 11 25 10 2 14 15) 1494.3165000 0.0006692
(15 6 18 9 21 7 20 4 12 8 19 24 1 5 16 23 13 22 3 17 11 25 10 2 14 15) 1494.3165000 0.0006692
(15 19 18 9 21 7 20 4 12 8 6 24 1 5 16 23 22 13 3 17 11 25 10 2 14 15) 1454.1229000 0.0006877
(15 19 18 9 21 7 20 4 12 8 6 24 1 5 16 23 22 13 3 17 11 25 10 2 14 15) 1454.1229000 0.0006877
(15 19 18 9 21 7 20 4 12 8 6 24 1 5 16 23 22 13 3 17 11 25 10 2 14 15) 1454.1229000 0.0006877
(15 18 9 21 19 7 20 4 12 8 6 24 1 5 16 23 13 22 3 17 11 25 10 2 14 15) 1417.8604000 0.0007053
(15 19 18 9 21 7 20 4 12 8 6 24 1 5 16 23 13 22 3 17 11 25 10 2 14 15) 1408.2351000 0.0007101
(15 19 18 9 21 7 20 4 12 8 6 24 1 5 16 23 13 22 3 17 11 25 10 2 14 15) 1408.2351000 0.0007101
(15 19 18 9 21 7 20 4 12 8 6 24 1 5 16 23 13 22 3 17 11 25 10 2 14 15) 1408.2351000 0.0007101
(15 19 18 9 21 7 20 4 12 8 6 24 1 5 16 23 13 22 3 17 11 25 10 2 14 15) 1408.2351000 0.0007101
(15 19 18 9 21 7 20 4 12 8 6 24 1 5 16 23 13 22 3 17 11 25 10 2 14 15) 1408.2351000 0.0007101
(15 19 18 9 21 7 20 4 12 8 6 24 1 5 16 23 13 22 3 17 11 25 10 2 14 15) 1408.2351000 0.0007101
(15 19 18 9 21 7 20 4 12 8 6 24 1 5 16 23 13 22 3 17 11 25 10 2 14 15) 1408.2351000 0.0007101
(15 19 18 9 21 7 20 4 12 8 6 24 1 5 16 23 13 22 3 11 17 25 10 2 14 15) 1407.8083000 0.0007103
(15 19 18 9 21 7 20 4 12 8 6 24 1 5 16 23 13 22 3 11 17 25 10 2 14 15) 1407.8083000 0.0007103
(15 19 18 9 21 7 20 4 14 8 6 24 1 5 16 23 13 22 3 17 11 25 10 2 12 15) 1375.2384000 0.0007271
(15 19 18 9 21 7 20 4 14 8 6 24 1 5 16 23 13 22 3 17 11 25 10 2 12 15) 1375.2384000 0.0007271
(15 19 18 9 21 7 20 4 14 8 6 24 1 5 16 23 13 22 3 11 17 25 10 2 12 15) 1374.8116000 0.0007274
(15 19 18 9 21 7 20 4 14 8 6 24 1 5 16 23 13 22 3 11 17 25 10 2 12 15) 1374.8116000 0.0007274
(15 19 18 9 21 7 20 4 14 8 6 24 1 5 16 23 13 22 3 11 17 25 10 2 12 15) 1374.8116000 0.0007274
(15 19 18 9 21 7 20 4 14 8 6 24 1 5 16 23 17 22 3 13 11 25 10 2 12 15) 1355.7137000 0.0007376
(15 19 18 9 21 7 20 4 14 8 6 24 1 5 16 23 17 22 3 13 11 25 10 2 12 15) 1355.7137000 0.0007376
(15 19 18 9 21 7 20 4 14 8 6 24 1 5 16 23 17 22 3 13 11 25 10 2 12 15) 1355.7137000 0.0007376
(15 19 18 9 21 7 20 4 14 8 6 24 1 5 16 23 17 22 3 13 11 25 10 2 12 15) 1355.7137000 0.0007376
(15 19 18 9 21 7 20 4 14 8 6 24 1 5 16 23 17 22 3 13 11 25 10 2 12 15) 1355.7137000 0.0007376
(15 19 18 9 21 7 20 4 14 8 6 24 1 5 16 23 17 22 3 13 11 25 10 2 12 15) 1355.7137000 0.0007376
(15 19 18 9 21 7 20 4 14 8 6 24 1 5 16 23 17 22 3 13 11 25 10 2 12 15) 1355.7137000 0.0007376
(15 19 18 9 21 7 20 4 14 8 6 24 1 5 16 23 17 22 3 13 11 25 10 2 12 15) 1355.7137000 0.0007376
(15 19 18 9 21 7 20 4 14 8 6 24 1 5 16 23 17 22 3 13 11 25 10 2 12 15) 1355.7137000 0.0007376
(15 19 18 9 21 7 20 4 14 8 6 24 1 5 16 23 17 22 3 13 11 25 10 2 12 15) 1355.7137000 0.0007376
(15 19 18 9 21 7 20 4 14 8 6 24 1 5 16 23 17 22 3 13 11 25 10 2 12 15) 1355.7137000 0.0007376
(15 19 18 9 21 7 20 4 14 8 6 24 1 5 16 23 17 22 3 13 11 25 10 2 12 15) 1355.7137000 0.0007376
(15 19 18 9 21 7 20 4 14 8 6 24 1 5 16 23 17 22 3 13 11 25 10 2 12 15) 1355.7137000 0.0007376
(15 19 18 9 21 7 20 4 14 8 6 24 1 5 16 23 17 22 3 13 11 25 10 2 12 15) 1355.7137000 0.0007376
(15 19 18 9 21 7 20 4 14 8 6 24 1 5 16 23 17 22 3 13 11 25 10 2 12 15) 1355.7137000 0.0007376
(15 19 18 9 21 7 20 4 14 8 6 24 1 5 16 23 17 22 3 13 11 25 10 2 12 15) 1355.7137000 0.0007376
(15 19 18 9 21 7 20 4 14 8 6 24 1 5 16 23 17 22 3 13 11 25 10 2 12 15) 1355.7137000 0.0007376
(15 19 18 9 21 7 20 4 14 8 6 24 1 5 16 23 17 22 3 13 11 25 10 2 12 15) 1355.7137000 0.0007376
(15 19 18 9 21 7 20 4 14 8 6 24 1 5 16 23 17 22 3 13 11 25 10 2 12 15) 1355.7137000 0.0007376
(15 19 18 9 21 7 20 4 14 8 6 24 1 5 16 23 17 22 3 13 11 25 10 2 12 15) 1355.7137000 0.0007376
(15 19 18 9 21 7 20 4 14 8 6 24 1 5 16 23 17 22 3 13 11 25 10 2 12 15) 1355.7137000 0.0007376
(15 19 18 9 21 7 20 4 14 8 6 24 1 5 16 23 17 22 3 13 11 25 10 2 12 15) 1355.7137000 0.0007376
(15 19 18 9 21 7 20 4 14 8 6 24 5 1 16 23 17 22 3 13 11 25 10 2 12 15) 1345.3961000 0.0007433
(15 19 18 9 21 7 20 4 14 8 6 24 5 1 16 23 17 22 3 13 11 25 10 2 12 15) 1345.3961000 0.0007433
(15 19 18 9 21 7 20 4 14 8 6 24 5 1 16 23 17 22 3 13 11 25 10 2 12 15) 1345.3961000 0.0007433
(15 19 18 9 21 7 20 4 14 8 6 24 5 1 16 23 17 22 3 13 11 25 10 2 12 15) 1345.3961000 0.0007433
(15 19 18 9 21 7 20 4 14 8 6 24 5 1 16 23 17 22 3 13 11 25 10 2 12 15) 1345.3961000 0.0007433
(15 19 18 9 21 7 20 4 14 8 6 24 5 1 16 23 17 22 3 13 11 25 10 2 12 15) 1345.3961000 0.0007433
(15 19 18 9 21 7 20 4 14 8 6 24 5 1 16 23 17 22 3 13 11 25 10 2 12 15) 1345.3961000 0.0007433
(15 19 18 9 21 7 20 4 14 8 6 24 5 1 16 23 17 22 3 13 11 25 10 2 12 15) 1345.3961000 0.0007433
(15 19 18 9 21 7 20 4 14 8 6 24 5 1 16 23 17 22 3 13 11 25 10 2 12 15) 1345.3961000 0.0007433
(15 19 18 9 21 7 20 4 14 8 6 24 5 1 16 23 17 22 3 13 11 25 10 2 12 15) 1345.3961000 0.0007433
(15 19 18 9 21 7 20 4 14 8 6 24 5 1 16 23 17 22 3 13 11 25 10 2 12 15) 1345.3961000 0.0007433
(15 19 18 9 21 7 20 4 14 8 6 24 5 1 16 23 17 22 3 13 11 25 10 2 12 15) 1345.3961000 0.0007433
(15 19 18 9 21 7 20 4 14 8 6 24 5 1 16 23 17 22 3 13 11 25 10 2 12 15) 1345.3961000 0.0007433
(15 19 18 9 21 7 20 4 14 8 6 24 5 1 16 23 17 22 3 13 11 25 10 2 12 15) 1345.3961000 0.0007433
(15 19 18 9 21 7 20 4 14 8 6 24 5 1 16 23 17 22 3 11 13 25 10 2 12 15) 1344.1257000 0.0007440
(15 19 18 9 21 7 20 4 14 8 6 24 5 1 16 23 17 22 3 11 13 25 10 2 12 15) 1344.1257000 0.0007440
(15 19 18 9 21 7 20 4 14 8 6 24 5 1 16 23 17 22 3 11 13 25 10 2 12 15) 1344.1257000 0.0007440
(15 19 18 9 21 7 20 4 14 8 6 24 5 1 16 23 17 22 3 11 13 25 10 2 12 15) 1344.1257000 0.0007440
(15 19 18 9 21 7 20 4 14 8 6 24 5 1 16 23 17 22 3 11 13 25 10 2 12 15) 1344.1257000 0.0007440
(15 19 18 9 21 7 20 4 14 8 6 24 5 1 16 23 17 22 3 11 13 25 10 2 12 15) 1344.1257000 0.0007440
(15 19 18 9 21 7 20 4 14 8 6 24 5 1 16 23 17 22 3 11 13 25 10 2 12 15) 1344.1257000 0.0007440
(15 19 18 9 21 7 20 4 14 8 6 24 5 1 16 23 17 22 3 11 13 25 10 2 12 15) 1344.1257000 0.0007440
(15 19 18 9 21 7 20 4 14 8 6 24 5 1 16 23 17 22 3 11 13 25 10 2 12 15) 1344.1257000 0.0007440
(15 19 18 9 21 7 20 4 14 8 6 24 5 1 16 23 17 22 3 11 13 25 10 2 12 15) 1344.1257000 0.0007440
(15 19 18 9 21 7 20 4 14 8 6 24 5 1 16 23 17 22 3 11 13 25 10 2 12 15) 1344.1257000 0.0007440
(15 19 18 9 21 7 20 4 14 8 6 24 5 1 16 23 17 22 3 11 13 25 10 2 12 15) 1344.1257000 0.0007440
(15 19 18 9 21 7 20 4 14 8 6 24 5 1 16 23 17 22 3 11 13 25 10 2 12 15) 1344.1257000 0.0007440
(15 19 18 9 21 7 20 4 14 8 6 24 5 1 16 23 17 22 3 11 13 25 10 2 12 15) 1344.1257000 0.0007440
(15 19 18 9 21 7 20 4 14 8 6 24 5 1 16 23 17 22 3 11 13 25 10 2 12 15) 1344.1257000 0.0007440
(15 19 18 9 21 7 20 4 14 8 6 24 5 1 16 23 17 22 3 11 13 25 10 2 12 15) 1344.1257000 0.0007440
(15 19 18 9 21 7 20 4 14 8 6 24 5 1 16 23 17 22 3 11 13 25 10 2 12 15) 1344.1257000 0.0007440
(15 19 18 9 21 7 20 4 14 8 6 24 5 1 16 23 17 22 3 11 13 25 10 2 12 15) 1344.1257000 0.0007440
(15 19 18 9 21 7 20 4 14 8 6 24 5 1 16 23 17 22 3 11 13 25 10 2 12 15) 1344.1257000 0.0007440
(15 19 18 9 21 7 20 4 14 8 6 24 5 1 16 23 17 22 3 11 13 25 10 2 12 15) 1344.1257000 0.0007440
(15 19 18 9 21 7 20 4 14 8 6 24 5 1 16 23 17 22 3 11 13 25 10 2 12 15) 1344.1257000 0.0007440
(15 19 18 9 21 7 20 4 14 8 6 24 5 1 16 23 17 22 3 11 13 25 10 2 12 15) 1344.1257000 0.0007440
(15 19 18 9 21 7 20 4 14 8 6 24 5 1 16 23 17 22 3 11 13 25 10 2 12 15) 1344.1257000 0.0007440
(15 19 18 9 21 7 20 4 14 8 6 24 5 1 16 23 17 22 3 11 13 25 10 2 12 15) 1344.1257000 0.0007440
(15 19 18 9 21 7 20 4 14 8 6 24 5 1 16 23 17 22 3 11 13 25 10 2 12 15) 1344.1257000 0.0007440
(15 19 18 9 21 7 20 4 14 8 6 24 5 1 16 23 17 22 3 11 13 25 10 2 12 15) 1344.1257000 0.0007440
(15 19 18 9 21 7 20 4 14 8 6 24 5 1 16 23 17 22 3 11 13 25 10 2 12 15) 1344.1257000 0.0007440
(15 19 18 9 21 7 20 4 14 8 6 24 5 1 16 23 17 22 3 11 13 25 10 2 12 15) 1344.1257000 0.0007440
(15 19 18 9 21 7 20 4 14 8 6 24 5 1 16 23 17 22 3 11 13 25 10 2 12 15) 1344.1257000 0.0007440
(15 19 18 9 21 7 20 4 14 8 6 24 5 1 16 23 17 22 3 11 13 25 10 2 12 15) 1344.1257000 0.0007440
(15 19 18 9 21 7 20 4 14 8 6 24 5 1 16 23 17 22 3 11 13 25 10 2 12 15) 1344.1257000 0.0007440
(15 19 18 9 21 7 20 4 14 8 6 24 5 1 16 23 17 22 3 11 13 25 10 2 12 15) 1344.1257000 0.0007440
(15 19 18 9 21 7 20 4 14 8 6 24 5 1 16 23 17 22 3 11 13 25 10 2 12 15) 1344.1257000 0.0007440
(15 19 18 9 21 7 20 4 14 8 6 24 5 1 16 23 17 22 3 11 13 25 10 2 12 15) 1344.1257000 0.0007440
(15 19 18 9 21 7 20 4 14 8 6 24 5 1 16 23 17 22 3 11 13 25 10 2 12 15) 1344.1257000 0.0007440
(15 19 18 9 21 7 20 4 14 8 6 24 5 1 16 23 17 22 3 11 13 25 10 2 12 15) 1344.1257000 0.0007440
(15 19 18 9 21 7 20 4 14 8 6 24 5 1 16 23 17 22 3 11 13 25 10 2 12 15) 1344.1257000 0.0007440
(15 19 18 9 21 7 20 4 14 8 6 24 5 1 16 23 17 22 3 11 13 25 10 2 12 15) 1344.1257000 0.0007440
(15 19 18 9 21 7 20 4 14 8 6 24 5 1 16 23 17 22 3 11 13 25 10 2 12 15) 1344.1257000 0.0007440
(15 19 18 9 21 7 20 4 14 8 6 24 5 1 16 23 17 22 3 11 13 25 10 2 12 15) 1344.1257000 0.0007440
(15 19 18 9 21 7 20 4 14 8 6 24 5 1 16 23 17 22 3 11 13 25 10 2 12 15) 1344.1257000 0.0007440
(15 19 18 9 21 7 20 4 14 8 6 24 5 1 16 23 17 22 3 11 13 25 10 2 12 15) 1344.1257000 0.0007440
(15 19 18 9 21 7 20 4 14 8 6 24 5 1 16 23 17 22 3 11 13 25 10 2 12 15) 1344.1257000 0.0007440
(15 19 18 9 21 7 20 4 14 8 6 24 5 1 16 23 17 22 3 11 13 25 10 2 12 15) 1344.1257000 0.0007440
(15 19 18 9 21 7 20 4 14 8 6 24 5 1 16 23 17 22 3 11 13 25 10 2 12 15) 1344.1257000 0.0007440
(15 19 18 9 21 7 20 4 14 8 6 24 5 1 16 23 17 22 3 11 13 25 10 2 12 15) 1344.1257000 0.0007440
(15 19 18 9 21 7 20 4 14 12 6 24 5 1 16 23 17 22 3 11 13 25 10 2 8 15) 1296.4811000 0.0007713
(15 19 18 9 21 7 20 4 14 12 6 24 5 1 16 23 17 22 3 11 13 25 10 2 8 15) 1296.4811000 0.0007713
(15 19 18 9 21 7 20 4 14 12 6 24 5 1 16 23 17 22 3 11 13 25 10 2 8 15) 1296.4811000 0.0007713
(15 19 18 9 21 7 20 4 14 12 6 24 5 1 16 23 17 22 3 11 13 25 10 2 8 15) 1296.4811000 0.0007713
(15 19 18 9 21 7 20 4 14 12 6 24 5 1 16 23 17 22 3 11 13 25 10 2 8 15) 1296.4811000 0.0007713
(15 19 18 9 21 7 20 4 14 12 6 8 24 5 1 16 23 17 22 3 11 13 25 10 2 15) 1280.6279000 0.0007809
(15 19 18 9 21 7 20 4 14 12 6 8 24 5 1 16 23 17 22 3 11 13 25 10 2 15) 1280.6279000 0.0007809
(15 19 18 9 21 7 20 4 14 12 6 8 24 5 1 16 23 17 22 3 11 13 25 10 2 15) 1280.6279000 0.0007809
(15 19 18 9 21 7 20 4 14 12 6 8 24 5 1 16 23 17 22 3 11 13 25 10 2 15) 1280.6279000 0.0007809
(15 19 18 9 21 7 20 4 14 12 6 8 24 5 1 16 23 17 22 3 11 13 25 10 2 15) 1280.6279000 0.0007809
(15 19 18 9 21 7 20 4 14 12 6 8 24 5 1 16 23 17 22 3 11 13 25 10 2 15) 1280.6279000 0.0007809
(15 19 18 9 21 7 20 4 14 8 6 12 24 5 1 16 23 17 22 11 13 25 3 10 2 15) 1234.8582000 0.0008098
(15 19 18 9 21 7 20 4 14 8 6 12 24 5 1 16 23 17 22 11 13 25 3 10 2 15) 1234.8582000 0.0008098
(15 19 18 9 21 7 20 4 14 12 6 8 24 5 1 16 23 17 22 11 13 25 3 10 2 15) 1232.7334000 0.0008112
(15 19 18 9 21 7 20 4 14 12 8 6 24 5 1 16 23 17 22 11 13 25 3 10 2 15) 1231.1908000 0.0008122
(15 19 18 9 21 24 20 4 14 12 6 8 7 5 1 16 23 17 22 11 13 25 3 10 2 15) 1207.6710000 0.0008280
(15 19 18 9 21 24 20 4 14 12 6 8 7 5 1 16 23 17 22 11 13 25 3 10 2 15) 1207.6710000 0.0008280
(15 19 18 9 21 24 20 4 14 12 6 8 7 5 1 16 23 17 22 11 13 25 3 10 2 15) 1207.6710000 0.0008280
(15 19 18 9 21 24 20 4 14 12 6 8 7 5 1 16 23 17 22 11 13 25 3 10 2 15) 1207.6710000 0.0008280
(15 19 18 9 21 24 20 4 14 12 6 8 7 5 1 16 23 17 22 11 13 3 25 10 2 15) 1186.7605000 0.0008426
(15 19 18 9 21 24 20 4 14 12 6 8 7 5 1 16 23 17 22 11 13 3 25 10 2 15) 1186.7605000 0.0008426
(15 19 18 9 21 24 20 4 14 12 6 8 7 5 1 16 23 17 22 11 13 3 25 10 2 15) 1186.7605000 0.0008426
(15 19 18 9 21 20 24 4 14 12 6 8 7 5 1 16 23 17 22 11 13 25 3 10 2 15) 1180.0286000 0.0008474
(15 19 18 9 21 20 24 4 14 12 6 8 7 5 1 16 23 17 22 11 13 3 25 10 2 15) 1159.1182000 0.0008627
(15 19 18 9 21 20 24 4 14 12 6 8 7 5 1 16 23 17 22 11 13 3 25 10 2 15) 1159.1182000 0.0008627
(15 19 18 9 21 20 24 4 14 12 6 8 7 5 1 16 23 17 22 11 13 3 25 10 2 15) 1159.1182000 0.0008627
(15 19 18 9 21 20 24 4 14 12 6 8 7 5 1 16 23 17 22 11 13 3 25 10 2 15) 1159.1182000 0.0008627
(15 19 18 9 7 20 24 4 14 12 6 8 21 5 1 16 23 17 22 11 13 3 25 10 2 15) 1117.4587000 0.0008949
(15 19 18 9 7 20 24 4 14 12 6 8 21 5 1 16 23 17 22 11 13 3 25 10 2 15) 1117.4587000 0.0008949
(15 19 18 9 7 20 24 4 14 12 6 8 21 5 1 16 23 17 22 11 13 3 25 10 2 15) 1117.4587000 0.0008949
(15 19 18 9 7 20 24 4 14 12 6 8 21 5 1 16 23 17 22 11 13 3 25 10 2 15) 1117.4587000 0.0008949
(15 19 18 9 7 20 24 4 14 12 6 8 21 5 1 16 23 17 22 11 13 3 25 10 2 15) 1117.4587000 0.0008949
(15 19 18 9 7 20 24 4 14 12 6 8 21 5 1 16 23 17 22 11 13 3 25 10 2 15) 1117.4587000 0.0008949
(15 19 18 9 7 20 24 4 14 12 6 8 21 5 1 16 23 17 11 22 13 3 25 10 2 15) 1099.8486000 0.0009092
(15 19 18 9 7 20 24 4 14 12 6 8 21 5 1 16 23 17 11 22 13 3 25 10 2 15) 1099.8486000 0.0009092
(15 19 18 9 7 20 24 4 14 12 6 8 21 1 5 16 23 17 22 11 13 3 25 10 2 15) 1097.2543000 0.0009114
(15 19 18 9 7 20 24 4 14 12 6 8 21 1 5 16 23 17 22 11 13 3 25 10 2 15) 1097.2543000 0.0009114
(15 19 18 9 7 20 24 4 14 12 6 8 21 1 5 16 23 17 22 11 13 3 25 10 2 15) 1097.2543000 0.0009114
(15 19 18 9 7 20 24 4 14 12 6 8 21 1 5 16 23 17 11 22 13 3 25 10 2 15) 1079.6443000 0.0009262
(15 19 18 9 7 20 24 4 14 12 6 8 21 1 5 16 23 17 11 22 13 3 25 10 2 15) 1079.6443000 0.0009262
(15 19 18 9 7 20 24 4 14 12 6 8 21 1 5 16 23 17 11 22 13 3 25 10 2 15) 1079.6443000 0.0009262
(15 19 18 9 7 20 24 4 14 12 6 8 21 1 5 16 23 17 11 22 13 3 25 10 2 15) 1079.6443000 0.0009262
(15 19 18 9 7 20 24 4 14 12 6 8 21 1 5 16 23 17 11 22 13 3 25 10 2 15) 1079.6443000 0.0009262
(15 19 18 9 7 20 24 4 14 12 6 8 21 1 5 16 23 17 11 22 13 3 25 10 2 15) 1079.6443000 0.0009262
(15 19 18 9 7 20 24 4 14 12 6 8 21 1 5 16 23 17 11 22 13 3 25 10 2 15) 1079.6443000 0.0009262
(15 19 18 9 7 20 24 4 14 12 6 8 21 1 5 16 23 17 11 22 13 3 25 10 2 15) 1079.6443000 0.0009262
(15 19 18 9 7 20 24 4 14 12 6 8 21 1 5 16 23 17 11 22 13 3 25 10 2 15) 1079.6443000 0.0009262
(15 19 18 9 7 20 24 4 14 12 6 8 21 1 5 16 23 17 11 22 13 3 25 10 2 15) 1079.6443000 0.0009262
(15 19 18 9 7 20 24 4 14 12 6 8 21 1 5 16 23 17 11 13 22 3 25 10 2 15) 1058.4710000 0.0009448
(15 19 18 9 7 20 24 4 14 12 6 8 21 1 5 16 23 17 11 13 22 3 25 10 2 15) 1058.4710000 0.0009448
(15 19 18 9 7 20 24 4 14 12 6 8 21 1 5 16 23 17 11 13 22 3 25 10 2 15) 1058.4710000 0.0009448
(15 19 18 9 7 20 24 4 14 12 6 8 21 1 5 16 23 17 11 13 22 3 25 10 2 15) 1058.4710000 0.0009448
(15 19 18 9 7 20 24 4 14 12 6 8 21 1 5 16 23 17 11 13 22 3 25 10 2 15) 1058.4710000 0.0009448
(15 19 18 9 7 20 24 4 14 12 6 8 21 1 5 16 23 17 11 13 22 3 25 10 2 15) 1058.4710000 0.0009448
(15 19 18 9 7 20 24 4 14 12 6 8 21 1 5 16 23 17 11 13 22 3 25 10 2 15) 1058.4710000 0.0009448
(15 19 18 9 7 20 24 4 14 12 6 8 21 1 5 16 23 17 11 13 22 3 25 10 2 15) 1058.4710000 0.0009448
(15 19 18 9 7 20 24 4 14 12 6 8 21 1 5 16 23 17 11 13 22 3 25 10 2 15) 1058.4710000 0.0009448
(15 19 18 9 7 20 24 4 14 12 6 8 21 1 5 16 23 17 11 13 22 3 25 10 2 15) 1058.4710000 0.0009448
(15 19 18 9 7 20 24 4 14 12 6 8 21 1 5 16 23 17 11 13 22 3 25 10 2 15) 1058.4710000 0.0009448
(15 19 18 9 7 20 24 4 14 12 6 8 21 1 5 16 23 17 11 13 22 3 25 10 2 15) 1058.4710000 0.0009448
(15 19 18 9 7 20 24 4 14 12 6 8 21 1 5 16 23 17 11 13 22 3 25 10 2 15) 1058.4710000 0.0009448
(15 19 18 9 7 20 24 4 14 12 6 8 21 1 5 16 23 17 11 13 22 3 25 10 2 15) 1058.4710000 0.0009448
(15 19 18 9 7 20 24 4 14 12 6 8 21 1 5 16 23 17 11 13 22 3 25 10 2 15) 1058.4710000 0.0009448
(15 19 18 9 7 20 24 4 14 12 6 8 21 1 5 16 23 17 11 13 22 3 25 10 2 15) 1058.4710000 0.0009448
(15 19 18 9 7 20 24 4 14 12 6 8 21 1 5 16 23 17 11 13 22 3 25 10 2 15) 1058.4710000 0.0009448
(15 19 18 9 7 20 24 4 14 12 6 8 21 1 5 16 23 17 11 13 22 3 25 10 2 15) 1058.4710000 0.0009448
(15 19 9 18 7 20 24 4 14 12 6 8 21 1 5 16 23 17 11 13 22 3 25 10 2 15) 1054.4895000 0.0009483
(15 19 18 9 7 20 24 4 14 12 8 6 21 1 5 16 23 17 11 13 22 3 25 10 2 15) 1049.2255000 0.0009531
(15 19 18 9 7 20 24 4 14 12 8 6 21 1 5 16 23 17 11 13 22 3 25 10 2 15) 1049.2255000 0.0009531
(15 19 18 9 7 20 24 4 14 12 8 6 21 1 5 16 23 17 11 13 22 3 25 10 2 15) 1049.2255000 0.0009531
(15 19 18 9 7 20 24 4 14 12 8 6 21 1 5 16 23 17 11 13 22 3 25 10 2 15) 1049.2255000 0.0009531
(15 19 9 18 7 20 24 4 14 12 8 6 21 1 5 16 23 17 11 13 22 3 25 10 2 15) 1045.2440000 0.0009567
(15 19 9 18 7 20 24 4 14 12 8 6 21 1 5 16 23 17 11 13 22 3 25 10 2 15) 1045.2440000 0.0009567
(15 19 9 18 7 20 24 4 14 12 8 6 21 1 5 16 23 17 11 13 22 3 25 10 2 15) 1045.2440000 0.0009567
(15 19 9 18 7 20 24 4 14 12 8 6 21 1 5 16 23 17 11 13 22 3 25 10 2 15) 1045.2440000 0.0009567
(15 19 9 18 7 20 24 4 14 12 8 6 21 1 5 16 23 17 11 13 22 3 25 10 2 15) 1045.2440000 0.0009567
(15 19 9 18 7 20 24 4 14 12 8 6 21 1 5 16 23 17 11 13 22 3 25 10 2 15) 1045.2440000 0.0009567
(15 19 9 18 7 20 24 4 14 12 8 6 21 1 5 16 23 17 11 13 22 3 25 10 2 15) 1045.2440000 0.0009567
(15 19 9 18 7 20 24 4 14 12 8 6 21 1 5 16 23 17 11 13 22 3 25 10 2 15) 1045.2440000 0.0009567
(15 19 9 18 7 20 24 4 14 12 8 6 21 1 5 16 23 17 11 13 22 3 25 10 2 15) 1045.2440000 0.0009567
(15 19 9 18 7 20 24 4 14 12 8 6 21 1 5 16 23 17 11 13 22 3 25 10 2 15) 1045.2440000 0.0009567
(15 19 9 18 7 20 24 4 14 12 8 6 21 1 5 16 23 17 11 13 22 3 25 10 2 15) 1045.2440000 0.0009567
(15 19 9 18 7 20 24 4 14 12 8 6 21 1 5 16 23 17 11 13 22 3 25 10 2 15) 1045.2440000 0.0009567
(15 19 9 18 7 20 24 4 14 12 8 6 21 1 5 16 23 17 11 13 22 3 25 10 2 15) 1045.2440000 0.0009567
(15 19 9 18 7 20 24 4 14 12 8 6 21 1 5 16 23 17 11 13 22 3 25 10 2 15) 1045.2440000 0.0009567
(15 19 9 18 7 20 24 4 14 12 8 6 21 1 5 16 23 17 11 13 22 3 25 10 2 15) 1045.2440000 0.0009567
(15 19 9 18 7 20 24 4 14 12 8 6 21 1 5 16 23 17 11 13 22 3 25 10 2 15) 1045.2440000 0.0009567
(15 19 9 18 7 20 24 4 14 12 8 6 21 1 5 16 23 17 13 11 22 3 25 10 2 15) 1042.0930000 0.0009596
(15 19 9 18 7 20 24 4 14 12 8 6 21 1 5 16 23 17 13 11 22 3 25 10 2 15) 1042.0930000 0.0009596
(15 19 9 18 7 20 24 4 14 12 8 6 21 1 5 16 23 17 13 11 22 3 25 10 2 15) 1042.0930000 0.0009596
(15 19 9 18 7 20 24 4 14 12 8 6 21 1 5 16 23 17 13 11 22 3 25 10 2 15) 1042.0930000 0.0009596
(15 19 9 18 7 20 24 4 14 12 8 6 21 1 5 16 23 17 13 11 22 3 25 10 2 15) 1042.0930000 0.0009596
(15 19 9 18 7 20 24 4 14 12 8 6 21 1 5 16 23 17 13 11 22 3 25 10 2 15) 1042.0930000 0.0009596
(15 19 9 18 7 20 24 4 14 12 8 6 21 1 5 16 23 17 13 11 22 3 25 10 2 15) 1042.0930000 0.0009596
(15 19 9 18 7 20 24 4 14 12 8 6 21 1 5 16 23 17 13 11 22 3 25 10 2 15) 1042.0930000 0.0009596
(15 19 9 18 7 20 24 4 14 12 8 6 21 1 5 16 23 17 13 11 22 3 25 10 2 15) 1042.0930000 0.0009596
(15 19 9 18 7 20 24 4 14 12 8 6 21 1 5 16 23 17 13 11 22 3 25 10 2 15) 1042.0930000 0.0009596
(15 19 9 18 7 20 24 4 14 12 8 6 21 1 5 16 23 17 13 11 22 3 25 10 2 15) 1042.0930000 0.0009596
(15 19 9 18 7 20 24 4 14 12 8 6 21 1 5 16 23 17 13 11 22 3 25 10 2 15) 1042.0930000 0.0009596
(15 19 9 18 7 20 24 4 14 12 8 6 21 1 5 16 23 17 13 11 22 3 25 10 2 15) 1042.0930000 0.0009596
(15 19 9 18 7 20 24 4 14 12 8 6 21 1 5 16 23 17 13 11 22 3 25 10 2 15) 1042.0930000 0.0009596
(15 19 9 18 7 20 24 4 14 12 8 6 21 1 5 16 23 17 13 11 22 3 25 10 2 15) 1042.0930000 0.0009596
(15 19 9 18 7 20 24 4 14 12 8 6 21 1 5 16 23 17 13 11 22 3 25 10 2 15) 1042.0930000 0.0009596
(15 19 9 18 7 20 24 4 14 12 8 6 21 1 5 16 23 17 13 11 22 3 25 10 2 15) 1042.0930000 0.0009596
(15 19 9 18 7 20 24 4 14 12 8 6 21 1 5 16 23 17 13 11 22 3 25 10 2 15) 1042.0930000 0.0009596
(15 19 9 18 7 20 24 4 14 12 8 6 21 1 5 16 23 17 13 11 22 3 25 10 2 15) 1042.0930000 0.0009596
(15 19 9 18 7 20 24 4 14 12 8 6 21 1 5 16 23 17 13 11 22 3 25 10 2 15) 1042.0930000 0.0009596
(15 19 9 18 7 20 24 4 14 12 8 6 21 1 5 16 23 17 13 11 22 3 25 10 2 15) 1042.0930000 0.0009596
(15 19 9 18 7 20 24 4 14 12 8 6 21 1 5 16 23 17 13 11 22 3 25 10 2 15) 1042.0930000 0.0009596
(15 19 9 18 7 20 24 4 14 12 8 6 21 1 5 16 23 17 13 11 22 3 25 10 2 15) 1042.0930000 0.0009596
(15 19 9 18 7 20 24 4 14 12 8 6 21 1 5 16 23 17 13 11 22 3 25 10 2 15) 1042.0930000 0.0009596
(15 19 9 18 7 20 24 4 14 12 8 6 21 1 5 16 23 17 13 11 22 3 25 10 2 15) 1042.0930000 0.0009596
(15 19 9 18 7 20 24 4 14 12 8 6 21 1 5 16 23 17 13 11 22 3 25 10 2 15) 1042.0930000 0.0009596
(15 19 9 18 7 20 24 4 14 12 8 6 21 1 5 16 23 17 13 11 22 3 25 10 2 15) 1042.0930000 0.0009596
(15 19 9 18 7 20 24 4 14 12 8 6 21 1 5 16 23 17 13 11 22 3 25 10 2 15) 1042.0930000 0.0009596
(15 19 9 18 7 20 24 4 14 12 8 6 21 1 5 16 23 17 13 11 22 3 25 10 2 15) 1042.0930000 0.0009596
(15 19 9 18 7 20 24 4 14 12 8 6 21 1 5 16 23 17 13 11 22 3 25 10 2 15) 1042.0930000 0.0009596
(15 19 9 18 7 20 24 4 14 12 8 6 21 1 5 16 23 17 13 11 22 3 25 10 2 15) 1042.0930000 0.0009596
(15 19 9 18 7 20 24 4 14 12 8 6 21 1 5 16 23 17 13 11 22 3 25 10 2 15) 1042.0930000 0.0009596
(15 19 9 18 7 20 24 4 14 12 8 6 21 1 5 16 23 17 13 11 22 3 25 10 2 15) 1042.0930000 0.0009596
(15 19 9 18 7 20 24 4 14 12 8 6 21 1 5 16 23 17 13 11 22 3 25 10 2 15) 1042.0930000 0.0009596
(15 19 9 18 7 20 24 4 14 12 8 6 21 1 5 16 23 17 13 11 22 3 25 10 2 15) 1042.0930000 0.0009596
(15 19 9 18 7 20 24 4 14 12 8 6 21 1 5 16 23 17 13 11 22 3 25 10 2 15) 1042.0930000 0.0009596
(15 19 9 18 7 20 24 4 14 12 8 6 21 1 5 16 23 17 13 11 22 3 25 10 2 15) 1042.0930000 0.0009596
(15 19 9 18 7 20 24 4 14 12 8 6 21 1 5 16 23 17 13 11 22 3 25 10 2 15) 1042.0930000 0.0009596
(15 19 9 18 7 20 24 4 14 12 8 6 21 1 5 16 23 17 13 11 22 3 25 10 2 15) 1042.0930000 0.0009596
(15 19 9 18 7 20 24 4 14 12 8 6 21 1 5 16 23 17 13 11 22 3 25 10 2 15) 1042.0930000 0.0009596
(15 19 9 18 7 20 24 4 14 12 8 6 21 1 5 16 23 17 13 11 22 3 25 10 2 15) 1042.0930000 0.0009596
(15 19 9 18 7 20 24 4 14 12 8 6 21 1 5 16 23 17 13 11 22 3 25 10 2 15) 1042.0930000 0.0009596
(15 19 9 18 7 20 24 4 14 12 8 6 21 1 5 16 23 17 13 11 22 3 25 10 2 15) 1042.0930000 0.0009596
(15 19 9 18 7 20 24 4 14 12 8 6 21 1 5 16 23 17 13 11 22 3 25 10 2 15) 1042.0930000 0.0009596
(15 19 9 18 7 20 24 4 14 12 8 6 21 1 5 16 23 17 13 11 22 3 25 10 2 15) 1042.0930000 0.0009596
(15 19 9 18 7 20 24 4 14 12 8 6 21 1 5 16 23 17 13 11 22 3 25 10 2 15) 1042.0930000 0.0009596
(15 19 9 18 7 20 24 4 14 12 8 6 21 1 5 16 23 17 13 11 22 3 25 10 2 15) 1042.0930000 0.0009596
(15 19 9 18 7 20 24 4 14 12 8 6 21 1 5 16 23 17 13 11 22 3 25 10 2 15) 1042.0930000 0.0009596
(15 19 9 18 7 20 24 4 14 12 8 6 21 1 5 16 23 17 13 11 22 3 25 10 2 15) 1042.0930000 0.0009596
(15 19 9 18 7 20 24 4 14 12 8 6 21 1 5 16 23 17 13 11 22 3 25 10 2 15) 1042.0930000 0.0009596
(15 19 9 18 7 20 24 4 14 12 8 6 21 1 5 16 23 17 13 11 22 3 25 10 2 15) 1042.0930000 0.0009596
(15 19 9 18 7 20 24 4 14 12 8 6 21 1 5 16 23 17 13 11 22 3 25 10 2 15) 1042.0930000 0.0009596
(15 19 9 18 7 20 24 4 14 12 8 6 21 1 5 16 23 17 13 11 22 3 25 10 2 15) 1042.0930000 0.0009596
(15 19 9 18 7 20 24 4 14 12 8 6 21 1 5 16 23 17 13 11 22 3 25 10 2 15) 1042.0930000 0.0009596
(15 19 9 18 7 20 24 4 14 12 8 6 21 1 5 16 23 17 13 11 22 3 25 10 2 15) 1042.0930000 0.0009596
(15 19 9 18 7 20 24 4 14 12 8 6 21 1 5 16 23 17 13 11 22 3 25 10 2 15) 1042.0930000 0.0009596
(15 19 9 18 7 20 24 4 14 12 8 6 21 1 5 16 23 17 13 11 22 3 25 10 2 15) 1042.0930000 0.0009596
(15 19 9 18 7 20 24 4 14 12 8 6 21 1 5 16 23 17 13 11 22 3 25 10 2 15) 1042.0930000 0.0009596
(15 19 9 18 7 20 24 4 14 12 8 6 21 1 5 16 23 17 13 11 22 3 25 10 2 15) 1042.0930000 0.0009596
(15 19 9 18 7 20 24 4 14 12 8 6 21 1 5 16 23 17 13 11 22 3 25 10 2 15) 1042.0930000 0.0009596
(15 19 9 18 7 20 24 4 14 12 8 6 21 1 5 16 23 17 13 11 22 3 25 10 2 15) 1042.0930000 0.0009596
(15 19 9 18 7 20 24 4 14 12 8 6 21 1 5 16 23 17 13 11 22 3 25 10 2 15) 1042.0930000 0.0009596
(15 19 9 18 7 20 24 4 14 12 8 6 21 1 5 16 23 17 13 11 22 3 25 10 2 15) 1042.0930000 0.0009596
(15 19 9 18 7 20 24 4 14 12 8 6 21 1 5 16 23 17 13 11 22 3 25 10 2 15) 1042.0930000 0.0009596
(15 19 9 18 7 20 24 4 14 12 8 6 21 1 5 16 23 17 13 11 22 3 25 10 2 15) 1042.0930000 0.0009596
(15 19 9 18 7 20 24 4 14 12 8 6 21 1 5 16 23 17 13 11 22 3 25 10 2 15) 1042.0930000 0.0009596
(15 19 9 18 7 20 24 4 14 12 8 6 21 1 5 16 23 17 13 11 22 3 25 10 2 15) 1042.0930000 0.0009596
(15 19 9 18 7 20 24 4 14 12 8 6 21 1 5 16 23 17 13 11 22 3 25 10 2 15) 1042.0930000 0.0009596
(15 19 9 18 7 20 24 4 14 12 8 6 21 1 5 16 23 17 13 11 22 3 25 10 2 15) 1042.0930000 0.0009596
(15 19 9 18 7 20 24 4 14 12 8 6 21 1 5 16 23 17 13 11 22 3 25 10 2 15) 1042.0930000 0.0009596
(15 19 9 18 7 20 24 4 14 12 8 6 21 1 5 16 23 17 13 11 22 3 25 10 2 15) 1042.0930000 0.0009596
(15 19 9 18 7 20 24 4 14 12 8 6 21 1 5 16 23 17 13 11 22 3 25 10 2 15) 1042.0930000 0.0009596
(15 19 9 18 7 20 24 4 14 12 8 6 21 1 5 16 23 17 13 11 22 3 25 10 2 15) 1042.0930000 0.0009596
(15 19 9 18 7 20 24 4 14 12 8 6 21 1 5 16 23 17 13 11 22 3 25 10 2 15) 1042.0930000 0.0009596
(15 19 9 18 7 20 24 4 14 12 8 6 21 1 5 16 23 17 13 11 22 3 25 10 2 15) 1042.0930000 0.0009596
(15 19 9 18 7 20 24 4 14 12 8 6 21 1 5 16 23 17 13 11 22 3 25 10 2 15) 1042.0930000 0.0009596
(15 19 9 18 7 20 24 4 14 12 8 6 21 1 5 16 23 17 13 11 22 3 25 10 2 15) 1042.0930000 0.0009596
(15 19 9 18 7 20 24 4 14 12 8 6 21 1 5 16 23 17 13 11 22 3 25 10 2 15) 1042.0930000 0.0009596
(15 19 9 18 7 20 24 4 14 12 8 6 21 1 5 16 23 17 13 11 22 3 25 10 2 15) 1042.0930000 0.0009596
(15 19 9 18 7 20 24 4 14 12 8 6 21 1 5 16 23 17 13 11 22 3 25 10 2 15) 1042.0930000 0.0009596
(15 19 9 18 7 20 24 4 14 12 8 6 21 1 5 16 23 17 13 11 22 3 25 10 2 15) 1042.0930000 0.0009596
(15 19 9 18 7 20 24 4 14 12 8 6 21 1 5 16 23 17 13 11 22 3 25 10 2 15) 1042.0930000 0.0009596
(15 19 9 18 7 20 24 4 14 12 8 6 21 1 5 16 23 17 13 11 22 3 25 10 2 15) 1042.0930000 0.0009596
(15 19 9 18 7 20 24 4 14 12 8 6 21 1 5 16 23 17 13 11 22 3 25 10 2 15) 1042.0930000 0.0009596
(15 19 9 18 7 20 24 4 14 12 8 6 21 1 5 16 23 17 13 11 22 3 25 10 2 15) 1042.0930000 0.0009596
(15 19 9 18 7 20 24 4 14 12 8 6 21 1 5 16 23 17 13 11 22 3 25 10 2 15) 1042.0930000 0.0009596
(15 19 9 18 7 20 24 4 14 12 8 6 21 1 5 16 23 17 13 11 22 3 25 10 2 15) 1042.0930000 0.0009596
(15 19 9 18 7 20 24 4 14 12 8 6 21 1 5 16 23 17 13 11 22 3 25 10 2 15) 1042.0930000 0.0009596
(15 19 9 18 7 20 24 4 14 12 8 6 21 1 5 16 23 17 13 11 22 3 25 10 2 15) 1042.0930000 0.0009596
(15 19 9 18 7 20 24 4 14 12 8 6 21 1 5 16 23 17 13 11 22 3 25 10 2 15) 1042.0930000 0.0009596
(15 19 9 18 7 20 24 4 14 12 8 6 21 1 5 16 23 17 13 11 22 3 25 10 2 15) 1042.0930000 0.0009596
(15 19 9 18 7 20 24 4 14 12 8 6 21 1 5 16 23 17 13 11 22 3 25 10 2 15) 1042.0930000 0.0009596
(15 19 9 18 7 20 24 4 14 12 8 6 21 1 5 16 23 17 13 11 22 3 25 10 2 15) 1042.0930000 0.0009596
(15 19 9 18 7 20 24 4 14 12 8 6 21 1 5 16 23 17 13 11 22 3 25 10 2 15) 1042.0930000 0.0009596
(15 19 9 18 7 20 24 4 14 12 8 6 21 1 5 16 23 17 13 11 22 3 25 10 2 15) 1042.0930000 0.0009596
(15 19 9 18 7 20 24 4 14 12 8 6 21 1 5 16 23 17 13 11 22 3 25 10 2 15) 1042.0930000 0.0009596
(15 19 9 18 7 20 24 4 14 12 8 6 21 1 5 16 23 17 13 11 22 3 25 10 2 15) 1042.0930000 0.0009596
(15 19 9 18 7 20 24 4 14 12 8 6 21 1 5 16 23 17 13 11 22 3 25 10 2 15) 1042.0930000 0.0009596
(15 19 9 18 7 20 24 4 14 12 8 6 21 1 5 16 23 17 13 11 22 3 25 10 2 15) 1042.0930000 0.0009596
(15 19 9 18 7 20 24 4 14 12 8 6 21 1 5 16 23 17 13 11 22 3 25 10 2 15) 1042.0930000 0.0009596
(15 19 9 18 7 20 24 4 14 12 8 6 21 1 5 16 23 17 13 11 22 3 25 10 2 15) 1042.0930000 0.0009596
(15 19 9 18 7 20 24 4 14 12 8 6 21 1 5 16 23 17 13 11 22 3 25 10 2 15) 1042.0930000 0.0009596
(15 19 9 18 7 20 24 4 14 12 8 6 21 1 5 16 23 17 13 11 22 3 25 10 2 15) 1042.0930000 0.0009596
(15 19 9 18 7 20 24 4 14 12 8 6 21 1 5 16 23 17 13 11 22 3 25 10 2 15) 1042.0930000 0.0009596
(15 19 9 18 7 20 24 4 14 12 8 6 21 1 5 16 23 17 13 11 22 3 25 10 2 15) 1042.0930000 0.0009596
(15 19 9 18 7 20 24 4 14 12 8 6 21 1 5 16 23 17 13 11 22 3 25 10 2 15) 1042.0930000 0.0009596
(15 19 9 18 7 20 24 4 14 12 8 6 21 1 5 16 23 17 13 11 22 3 25 10 2 15) 1042.0930000 0.0009596
(15 19 9 18 7 20 24 4 14 12 8 6 21 1 5 16 23 17 13 11 22 3 25 10 2 15) 1042.0930000 0.0009596
(15 19 9 18 7 20 24 4 14 12 8 6 21 1 5 16 23 17 13 11 22 3 25 10 2 15) 1042.0930000 0.0009596
(15 19 9 18 7 20 24 4 14 12 8 6 21 1 5 16 23 17 13 11 22 3 25 10 2 15) 1042.0930000 0.0009596
(15 19 9 18 7 20 24 4 14 12 8 6 21 1 5 16 23 17 13 11 22 3 25 10 2 15) 1042.0930000 0.0009596
(15 19 9 18 7 20 24 4 14 12 8 6 21 1 5 16 23 17 13 11 22 3 25 10 2 15) 1042.0930000 0.0009596
(15 19 9 18 7 20 24 4 14 12 8 6 21 1 5 16 23 17 13 11 22 3 25 10 2 15) 1042.0930000 0.0009596
(15 19 9 18 7 20 24 4 14 12 8 6 21 1 5 16 23 17 13 11 22 3 25 10 2 15) 1042.0930000 0.0009596
(15 19 9 18 7 20 24 4 14 12 8 6 21 1 5 16 23 17 13 11 22 3 25 10 2 15) 1042.0930000 0.0009596
(15 19 9 18 7 20 24 4 14 12 8 6 21 1 5 16 23 17 13 11 22 3 25 10 2 15) 1042.0930000 0.0009596
(15 19 9 18 7 20 24 4 14 12 8 6 21 1 5 16 23 17 13 11 22 3 25 10 2 15) 1042.0930000 0.0009596
(15 19 9 18 7 20 24 4 14 12 8 6 21 1 5 16 23 17 13 11 22 3 25 10 2 15) 1042.0930000 0.0009596
(15 19 9 18 7 20 24 4 14 12 8 6 21 1 5 16 23 17 13 11 22 3 25 10 2 15) 1042.0930000 0.0009596
(15 19 9 18 7 20 24 4 14 12 8 6 21 1 5 16 23 17 13 11 22 3 25 10 2 15) 1042.0930000 0.0009596
(15 19 9 18 7 20 24 4 14 12 8 6 21 1 5 16 23 17 13 11 22 3 25 10 2 15) 1042.0930000 0.0009596
(15 19 9 18 7 20 24 4 14 12 8 6 21 1 5 16 23 17 13 11 22 3 25 10 2 15) 1042.0930000 0.0009596
(15 19 9 18 7 20 24 4 14 12 8 6 21 1 5 16 23 17 13 11 22 3 25 10 2 15) 1042.0930000 0.0009596
(15 19 9 18 7 20 24 4 14 12 8 6 21 1 5 16 23 17 13 11 22 3 25 10 2 15) 1042.0930000 0.0009596
(15 19 9 18 7 20 24 4 14 12 8 6 21 1 5 16 23 17 13 11 22 3 25 10 2 15) 1042.0930000 0.0009596
(15 19 9 18 7 20 24 4 14 12 8 6 21 1 5 16 23 17 13 11 22 3 25 10 2 15) 1042.0930000 0.0009596
(15 19 9 18 7 20 24 4 14 12 8 6 21 1 5 16 23 17 13 11 22 3 25 10 2 15) 1042.0930000 0.0009596
(15 19 9 18 7 20 24 4 14 12 8 6 21 1 5 16 23 17 13 11 22 3 25 10 2 15) 1042.0930000 0.0009596
(15 19 9 18 7 20 24 4 14 12 8 6 21 1 5 16 23 17 13 11 22 3 25 10 2 15) 1042.0930000 0.0009596
(15 19 9 18 7 20 24 4 14 12 8 6 21 1 5 16 23 17 13 11 22 3 25 10 2 15) 1042.0930000 0.0009596
(15 19 9 18 7 20 24 4 14 12 8 6 21 1 5 16 23 17 13 11 22 3 25 10 2 15) 1042.0930000 0.0009596
(15 19 9 18 7 20 24 4 14 12 8 6 21 1 5 16 23 17 13 11 22 3 25 10 2 15) 1042.0930000 0.0009596
(15 19 9 18 7 20 24 4 14 12 8 6 21 1 5 16 23 17 13 11 22 3 25 10 2 15) 1042.0930000 0.0009596
(15 19 9 18 7 20 24 4 14 12 8 6 21 1 5 16 23 17 13 11 22 3 25 10 2 15) 1042.0930000 0.0009596
(15 19 9 18 7 20 24 4 14 12 8 6 21 1 5 16 23 17 13 11 22 3 25 10 2 15) 1042.0930000 0.0009596
(15 19 9 18 7 20 24 4 14 12 8 6 21 1 5 16 23 17 13 11 22 3 25 10 2 15) 1042.0930000 0.0009596
(15 19 9 18 7 20 24 4 14 12 8 6 21 1 5 16 23 17 13 11 22 3 25 10 2 15) 1042.0930000 0.0009596
(15 19 9 18 7 20 24 4 14 12 8 6 21 1 5 16 23 17 13 11 22 3 25 10 2 15) 1042.0930000 0.0009596
(15 19 9 18 7 20 24 4 14 12 8 6 21 1 5 16 23 17 13 11 22 3 25 10 2 15) 1042.0930000 0.0009596
(15 19 9 18 7 20 24 4 14 12 8 6 21 1 5 16 23 17 13 11 22 3 25 10 2 15) 1042.0930000 0.0009596
(15 19 9 18 7 20 24 4 14 12 8 6 21 1 5 16 23 17 13 11 22 3 25 10 2 15) 1042.0930000 0.0009596
(15 19 9 18 7 20 24 4 14 12 8 6 21 1 5 16 23 17 13 11 22 3 25 10 2 15) 1042.0930000 0.0009596
(15 19 9 18 7 20 24 4 14 12 8 6 21 1 5 16 23 17 13 11 22 3 25 10 2 15) 1042.0930000 0.0009596
(15 19 9 18 7 20 24 4 14 12 8 6 21 1 5 16 23 17 13 11 22 3 25 10 2 15) 1042.0930000 0.0009596
(15 19 9 18 7 20 24 4 14 12 8 6 21 1 5 16 23 17 13 11 22 3 25 10 2 15) 1042.0930000 0.0009596
(15 19 9 18 7 20 24 4 14 12 8 6 21 1 5 16 23 17 13 11 22 3 25 10 2 15) 1042.0930000 0.0009596
(15 19 9 18 7 20 24 4 14 12 8 6 21 1 5 16 23 17 13 11 22 3 25 10 2 15) 1042.0930000 0.0009596
(15 19 9 18 7 20 24 4 14 12 8 6 21 1 5 16 23 17 13 11 22 3 25 10 2 15) 1042.0930000 0.0009596
(15 19 9 18 7 20 24 4 14 12 8 6 21 1 5 16 23 17 13 11 22 3 25 10 2 15) 1042.0930000 0.0009596
(15 19 9 18 7 20 24 4 14 12 8 6 21 1 5 16 23 17 13 11 22 3 25 10 2 15) 1042.0930000 0.0009596
(15 19 9 18 7 20 24 4 14 12 8 6 21 1 5 16 23 17 13 11 22 3 25 10 2 15) 1042.0930000 0.0009596
(15 19 9 18 7 20 24 4 14 12 8 6 21 1 5 16 23 17 13 11 22 3 25 10 2 15) 1042.0930000 0.0009596
(15 19 9 18 7 20 24 4 14 12 8 6 21 1 5 16 23 17 13 11 22 3 25 10 2 15) 1042.0930000 0.0009596
(15 19 9 18 7 20 24 4 14 12 8 6 21 1 5 16 23 17 13 11 22 3 25 10 2 15) 1042.0930000 0.0009596
(15 19 9 18 7 20 24 4 14 12 8 6 21 1 5 16 23 17 13 11 22 3 25 10 2 15) 1042.0930000 0.0009596
(15 19 9 18 7 20 24 4 14 12 8 6 21 1 5 16 23 17 13 11 22 3 25 10 2 15) 1042.0930000 0.0009596
(15 19 9 18 7 20 24 4 14 12 8 6 21 1 5 16 23 17 13 11 22 3 25 10 2 15) 1042.0930000 0.0009596
(15 19 9 18 7 20 24 4 14 12 8 6 21 1 5 16 23 17 13 11 22 3 25 10 2 15) 1042.0930000 0.0009596
(15 19 9 18 7 20 24 4 14 12 8 6 21 1 5 16 23 17 13 11 22 3 25 10 2 15) 1042.0930000 0.0009596
(15 19 9 18 7 20 24 4 14 12 8 6 21 1 5 16 23 17 13 11 22 3 25 10 2 15) 1042.0930000 0.0009596
(15 19 9 18 7 20 24 4 14 12 8 6 21 1 5 16 23 17 13 11 22 3 25 10 2 15) 1042.0930000 0.0009596
(15 19 9 18 7 20 24 4 14 12 8 6 21 1 5 16 23 17 13 11 22 3 25 10 2 15) 1042.0930000 0.0009596
(15 19 9 18 7 20 24 4 14 12 8 6 21 1 5 16 23 17 13 11 22 3 25 10 2 15) 1042.0930000 0.0009596
(15 19 9 18 7 20 24 4 14 12 8 6 21 1 5 16 23 17 13 11 22 3 25 10 2 15) 1042.0930000 0.0009596
(15 19 9 18 7 20 24 4 14 12 8 6 21 1 5 16 23 17 13 11 22 3 25 10 2 15) 1042.0930000 0.0009596
(15 19 9 18 7 20 24 4 14 12 8 6 21 1 5 16 23 17 13 11 22 3 25 10 2 15) 1042.0930000 0.0009596
(15 19 9 18 7 20 24 4 14 12 8 6 21 1 5 16 23 17 13 11 22 3 25 10 2 15) 1042.0930000 0.0009596
(15 19 9 18 7 20 24 4 14 12 8 6 21 1 5 16 23 17 13 11 22 3 25 10 2 15) 1042.0930000 0.0009596
(15 19 9 18 7 20 24 4 14 12 8 6 21 1 5 16 23 17 13 11 22 3 25 10 2 15) 1042.0930000 0.0009596
(15 19 9 18 7 20 24 4 14 12 8 6 21 1 5 16 23 17 13 11 22 3 25 10 2 15) 1042.0930000 0.0009596
(15 19 9 18 7 20 24 4 14 12 8 6 21 1 5 16 23 17 13 11 22 3 25 10 2 15) 1042.0930000 0.0009596
(15 19 9 18 7 20 24 4 14 12 8 6 21 1 5 16 23 17 13 11 22 3 25 10 2 15) 1042.0930000 0.0009596
(15 19 9 18 7 20 24 4 14 12 8 6 21 1 5 16 23 17 13 11 22 3 25 10 2 15) 1042.0930000 0.0009596
(15 19 9 18 7 20 24 4 14 12 8 6 21 1 5 16 23 17 13 11 22 3 25 10 2 15) 1042.0930000 0.0009596
(15 19 9 18 7 20 24 4 14 12 8 6 21 1 5 16 23 17 13 11 22 3 25 10 2 15) 1042.0930000 0.0009596
(15 19 9 18 7 20 24 4 14 12 8 6 21 1 5 16 23 17 13 11 22 3 25 10 2 15) 1042.0930000 0.0009596
(15 19 9 18 7 20 24 4 14 12 8 6 21 1 5 16 23 17 13 11 22 3 25 10 2 15) 1042.0930000 0.0009596
(15 19 9 18 7 20 24 4 14 12 8 6 21 1 5 16 23 17 13 11 22 3 25 10 2 15) 1042.0930000 0.0009596
(15 19 9 18 7 20 24 4 14 12 8 6 21 1 5 16 23 17 13 11 22 3 25 10 2 15) 1042.0930000 0.0009596
(15 19 9 18 7 20 24 4 14 12 8 6 21 1 5 16 23 17 13 11 22 3 25 10 2 15) 1042.0930000 0.0009596
(15 19 9 18 7 20 24 4 14 12 8 6 21 1 5 16 23 17 13 11 22 3 25 10 2 15) 1042.0930000 0.0009596
(15 19 9 18 7 20 24 4 14 12 8 6 21 1 5 16 23 17 13 11 22 3 25 10 2 15) 1042.0930000 0.0009596
(15 19 9 18 7 20 24 4 14 12 8 6 21 1 5 16 23 17 13 11 22 3 25 10 2 15) 1042.0930000 0.0009596
(15 19 9 18 7 20 24 4 14 12 8 6 21 1 5 16 23 17 13 11 22 3 25 10 2 15) 1042.0930000 0.0009596
(15 19 9 18 7 20 24 4 14 12 8 6 21 1 5 16 23 17 13 11 22 3 25 10 2 15) 1042.0930000 0.0009596
(15 19 9 18 7 20 24 4 14 12 8 6 21 1 5 16 23 17 13 11 22 3 25 10 2 15) 1042.0930000 0.0009596
(15 19 9 18 7 20 24 4 14 12 8 6 21 1 5 16 23 17 13 11 22 3 25 10 2 15) 1042.0930000 0.0009596
(15 19 9 18 7 20 24 4 14 12 8 6 21 1 5 16 23 17 13 11 22 3 25 10 2 15) 1042.0930000 0.0009596
(15 19 9 18 7 20 24 4 14 12 8 6 21 1 5 16 23 17 13 11 22 3 25 10 2 15) 1042.0930000 0.0009596
(15 19 9 18 7 20 24 4 14 12 8 6 21 1 5 16 23 17 13 11 22 3 25 10 2 15) 1042.0930000 0.0009596
(15 19 9 18 7 20 24 4 14 12 8 6 21 1 5 16 23 17 13 11 22 3 25 10 2 15) 1042.0930000 0.0009596
(15 19 9 18 7 20 24 4 14 12 8 6 21 1 5 16 23 17 13 11 22 3 25 10 2 15) 1042.0930000 0.0009596
(15 19 9 18 7 20 24 4 14 12 8 6 21 1 5 16 23 17 13 11 22 3 25 10 2 15) 1042.0930000 0.0009596
(15 19 9 18 7 20 24 4 14 12 8 6 21 1 5 16 23 17 13 11 22 3 25 10 2 15) 1042.0930000 0.0009596
(15 19 9 18 7 20 24 4 14 12 8 6 21 1 5 16 23 17 13 11 22 3 25 10 2 15) 1042.0930000 0.0009596
(15 19 9 18 7 20 24 4 14 12 8 6 21 1 5 16 23 17 13 11 22 3 25 10 2 15) 1042.0930000 0.0009596
(15 19 9 18 7 20 24 4 14 12 8 6 21 1 5 16 23 17 13 11 22 3 25 10 2 15) 1042.0930000 0.0009596
(15 19 9 18 7 20 24 4 14 12 8 6 21 1 5 16 23 17 13 11 22 3 25 10 2 15) 1042.0930000 0.0009596
(15 19 9 18 7 20 24 4 14 12 8 6 21 1 5 16 23 17 13 11 22 3 25 10 2 15) 1042.0930000 0.0009596
(15 19 9 18 7 20 24 4 14 12 8 6 21 1 5 16 23 17 13 11 22 3 25 10 2 15) 1042.0930000 0.0009596
(15 19 9 18 7 20 24 4 14 12 8 6 21 1 5 16 23 17 13 11 22 3 25 10 2 15) 1042.0930000 0.0009596
(15 19 9 18 7 20 24 4 14 12 8 6 21 1 5 16 23 17 13 11 22 3 25 10 2 15) 1042.0930000 0.0009596
(15 19 9 18 7 20 24 4 14 12 8 6 21 1 5 16 23 17 13 11 22 3 25 10 2 15) 1042.0930000 0.0009596
(15 19 9 18 7 20 24 4 14 12 8 6 21 1 5 16 23 17 13 11 22 3 25 10 2 15) 1042.0930000 0.0009596
(15 19 9 18 7 20 24 4 14 12 8 6 21 1 5 16 23 17 13 11 22 3 25 10 2 15) 1042.0930000 0.0009596
(15 19 9 18 7 20 24 4 14 12 8 6 21 1 5 16 23 17 13 11 22 3 25 10 2 15) 1042.0930000 0.0009596
(15 19 9 18 7 20 24 4 14 12 8 6 21 1 5 16 23 17 13 11 22 3 25 10 2 15) 1042.0930000 0.0009596
(15 19 9 18 7 20 24 4 14 12 8 6 21 1 5 16 23 17 13 11 22 3 25 10 2 15) 1042.0930000 0.0009596
(15 19 9 18 7 20 24 4 14 12 8 6 21 1 5 16 23 17 13 11 22 3 25 10 2 15) 1042.0930000 0.0009596
(15 19 9 18 7 20 24 4 14 12 8 6 21 1 5 16 23 17 13 11 22 3 25 10 2 15) 1042.0930000 0.0009596
(15 19 9 18 7 20 24 4 14 12 8 6 21 1 5 16 23 17 13 11 22 3 25 10 2 15) 1042.0930000 0.0009596
(15 19 9 18 7 20 24 4 14 12 8 6 21 1 5 16 23 17 13 11 22 3 25 10 2 15) 1042.0930000 0.0009596
(15 19 9 18 7 20 24 4 14 12 8 6 21 1 5 16 23 17 13 11 22 3 25 10 2 15) 1042.0930000 0.0009596
(15 19 9 18 7 20 24 4 14 12 8 6 21 1 5 16 23 17 13 11 22 3 25 10 2 15) 1042.0930000 0.0009596
(15 19 9 18 7 20 24 4 14 12 8 6 21 1 5 16 23 17 13 11 22 3 25 10 2 15) 1042.0930000 0.0009596
(15 19 9 18 7 20 24 4 14 12 8 6 21 1 5 16 23 17 13 11 22 3 25 10 2 15) 1042.0930000 0.0009596
(15 19 9 18 7 20 24 4 14 12 8 6 21 1 5 16 23 17 13 11 22 3 25 10 2 15) 1042.0930000 0.0009596
(15 19 9 18 7 20 24 4 14 12 8 6 21 1 5 16 23 17 13 11 22 3 25 10 2 15) 1042.0930000 0.0009596
(15 19 9 18 7 20 24 4 14 12 8 6 21 1 5 16 23 17 13 11 22 3 25 10 2 15) 1042.0930000 0.0009596
(15 19 9 18 7 20 24 4 14 12 8 6 21 1 5 16 23 17 13 11 22 3 25 10 2 15) 1042.0930000 0.0009596
(15 19 9 18 7 20 24 4 14 12 8 6 21 1 5 16 23 17 13 11 22 3 25 10 2 15) 1042.0930000 0.0009596
(15 19 9 18 7 20 24 4 14 12 8 6 21 1 5 16 23 17 13 11 22 3 25 10 2 15) 1042.0930000 0.0009596
(15 19 9 18 7 20 24 4 14 12 8 6 21 1 5 16 23 17 13 11 22 3 25 10 2 15) 1042.0930000 0.0009596
(15 19 9 18 7 20 24 4 14 12 8 6 21 1 5 16 23 17 13 11 22 3 25 10 2 15) 1042.0930000 0.0009596
(15 19 9 18 7 20 24 4 14 12 8 6 21 1 5 16 23 17 13 11 22 3 25 10 2 15) 1042.0930000 0.0009596
(15 19 9 18 7 20 24 4 14 12 8 6 21 1 5 16 23 17 13 11 22 3 25 10 2 15) 1042.0930000 0.0009596
(15 19 9 18 7 20 24 4 14 12 8 6 21 1 5 16 23 17 13 11 22 3 25 10 2 15) 1042.0930000 0.0009596
(15 19 9 18 7 20 24 4 14 12 8 6 21 1 5 16 23 17 13 11 22 3 25 10 2 15) 1042.0930000 0.0009596
(15 19 9 18 7 20 24 4 14 12 8 6 21 1 5 16 23 17 13 11 22 3 25 10 2 15) 1042.0930000 0.0009596
(15 19 9 18 7 20 24 4 14 12 8 6 21 1 5 16 23 17 13 11 22 3 25 10 2 15) 1042.0930000 0.0009596
(15 19 9 18 7 20 24 4 14 12 8 6 21 1 5 16 23 17 13 11 22 3 25 10 2 15) 1042.0930000 0.0009596
(15 19 9 18 7 20 24 4 14 12 8 6 21 1 5 16 23 17 13 11 22 3 25 10 2 15) 1042.0930000 0.0009596
(15 19 9 18 7 20 24 4 14 12 8 6 21 1 5 16 23 17 13 11 22 3 25 10 2 15) 1042.0930000 0.0009596
(15 19 9 18 7 20 24 4 14 12 8 6 21 1 5 16 23 17 13 11 22 3 25 10 2 15) 1042.0930000 0.0009596
(15 19 9 18 7 20 24 4 14 12 8 6 21 1 5 16 23 17 13 11 22 3 25 10 2 15) 1042.0930000 0.0009596
(15 19 9 18 7 20 24 4 14 12 8 6 21 1 5 16 23 17 13 11 22 3 25 10 2 15) 1042.0930000 0.0009596
(15 19 9 18 7 20 24 4 14 12 8 6 21 1 5 16 23 17 13 11 22 3 25 10 2 15) 1042.0930000 0.0009596
(15 19 9 18 7 20 24 4 14 12 8 6 21 1 5 16 23 17 13 11 22 3 25 10 2 15) 1042.0930000 0.0009596
(15 19 9 18 7 20 24 4 14 12 8 6 21 1 5 16 23 17 13 11 22 3 25 10 2 15) 1042.0930000 0.0009596
(15 19 9 18 7 20 24 4 14 12 8 6 21 1 5 16 23 17 13 11 22 3 25 10 2 15) 1042.0930000 0.0009596
(15 19 9 18 7 20 24 4 14 12 8 6 21 1 5 16 23 17 13 11 22 3 25 10 2 15) 1042.0930000 0.0009596
(15 19 9 18 7 20 24 4 14 12 8 6 21 1 5 16 23 17 13 11 22 3 25 10 2 15) 1042.0930000 0.0009596
(15 19 9 18 7 20 24 4 14 12 8 6 21 1 5 16 23 17 13 11 22 3 25 10 2 15) 1042.0930000 0.0009596
(15 19 9 18 7 20 24 4 14 12 8 6 21 1 5 16 23 17 13 11 22 3 25 10 2 15) 1042.0930000 0.0009596
(15 19 9 18 7 20 24 4 14 12 8 6 21 1 5 16 23 17 13 11 22 3 25 10 2 15) 1042.0930000 0.0009596
(15 19 9 18 7 20 24 4 14 12 8 6 21 1 5 16 23 17 13 11 22 3 25 10 2 15) 1042.0930000 0.0009596
(15 19 9 18 7 20 24 4 14 12 8 6 21 1 5 16 23 17 13 11 22 3 25 10 2 15) 1042.0930000 0.0009596
(15 19 9 18 7 20 24 4 14 12 8 6 21 1 5 16 23 17 13 11 22 3 25 10 2 15) 1042.0930000 0.0009596
(15 19 9 18 7 20 24 4 14 12 8 6 21 1 5 16 23 17 13 11 22 3 25 10 2 15) 1042.0930000 0.0009596
(15 19 9 18 7 20 24 4 14 12 8 6 21 1 5 16 23 17 13 11 22 3 25 10 2 15) 1042.0930000 0.0009596
(15 19 9 18 7 20 24 4 14 12 8 6 21 1 5 16 23 17 13 11 22 3 25 10 2 15) 1042.0930000 0.0009596
(15 19 9 18 7 20 24 4 14 12 8 6 21 1 5 16 23 17 13 11 22 3 25 10 2 15) 1042.0930000 0.0009596
(15 19 9 18 7 20 24 4 14 12 8 6 21 1 5 16 23 17 13 11 22 3 25 10 2 15) 1042.0930000 0.0009596
(15 19 9 18 7 20 24 4 14 12 8 6 21 1 5 16 23 17 13 11 22 3 25 10 2 15) 1042.0930000 0.0009596
(15 19 9 18 7 20 24 4 14 12 8 6 21 1 5 16 23 17 13 11 22 3 25 10 2 15) 1042.0930000 0.0009596
(15 19 9 18 7 20 24 4 14 12 8 6 21 1 5 16 23 17 13 11 22 3 25 10 2 15) 1042.0930000 0.0009596
(15 19 9 18 7 20 24 4 14 12 8 6 21 1 5 16 23 17 13 11 22 3 25 10 2 15) 1042.0930000 0.0009596
(15 19 9 18 7 20 24 4 14 12 8 6 21 1 5 16 23 17 13 11 22 3 25 10 2 15) 1042.0930000 0.0009596
(15 19 9 18 7 20 24 4 14 12 8 6 21 1 5 16 23 17 13 11 22 3 25 10 2 15) 1042.0930000 0.0009596
(15 19 9 18 7 20 24 4 14 12 8 6 21 1 5 16 23 17 13 11 22 3 25 10 2 15) 1042.0930000 0.0009596
(15 19 9 18 7 20 24 4 14 12 8 6 21 1 5 16 23 17 13 11 22 3 25 10 2 15) 1042.0930000 0.0009596
(15 19 9 18 7 20 24 4 14 12 8 6 21 1 5 16 23 17 13 11 22 3 25 10 2 15) 1042.0930000 0.0009596
(15 19 9 18 7 20 24 4 14 12 8 6 21 1 5 16 23 17 13 11 22 3 25 10 2 15) 1042.0930000 0.0009596
(15 19 9 18 7 20 24 4 14 12 8 6 21 1 5 16 23 17 13 11 22 3 25 10 2 15) 1042.0930000 0.0009596
(15 19 9 18 7 20 24 4 14 12 8 6 21 1 5 16 23 17 13 11 22 3 25 10 2 15) 1042.0930000 0.0009596
(15 19 9 18 7 20 24 4 14 12 8 6 21 1 5 16 23 17 13 11 22 3 25 10 2 15) 1042.0930000 0.0009596
(15 19 9 18 7 20 24 4 14 12 8 6 21 1 5 16 23 17 13 11 22 3 25 10 2 15) 1042.0930000 0.0009596
(15 19 9 18 7 20 24 4 14 12 8 6 21 1 5 16 23 17 13 11 22 3 25 10 2 15) 1042.0930000 0.0009596
(15 19 9 18 7 20 24 4 14 12 8 6 21 1 5 16 23 17 13 11 22 3 25 10 2 15) 1042.0930000 0.0009596
(15 19 9 18 7 20 24 4 14 12 8 6 21 1 5 16 23 17 13 11 22 3 25 10 2 15) 1042.0930000 0.0009596
(15 19 9 18 7 20 24 4 14 12 8 6 21 1 5 16 23 17 13 11 22 3 25 10 2 15) 1042.0930000 0.0009596
(15 19 9 18 7 20 24 4 14 12 8 6 21 1 5 16 23 17 13 11 22 3 25 10 2 15) 1042.0930000 0.0009596
(15 19 9 18 7 20 24 4 14 12 8 6 21 1 5 16 23 17 13 11 22 3 25 10 2 15) 1042.0930000 0.0009596
(15 19 9 18 7 20 24 4 14 12 8 6 21 1 5 16 23 17 13 11 22 3 25 10 2 15) 1042.0930000 0.0009596
(15 19 9 18 7 20 24 4 14 12 8 6 21 1 5 16 23 17 13 11 22 3 25 10 2 15) 1042.0930000 0.0009596
(15 19 9 18 7 20 24 4 14 12 8 6 21 1 5 16 23 17 13 11 22 3 25 10 2 15) 1042.0930000 0.0009596
(15 19 9 18 7 20 24 4 14 12 8 6 21 1 5 16 23 17 13 11 22 3 25 10 2 15) 1042.0930000 0.0009596
(15 19 9 18 7 20 24 4 14 12 8 6 21 1 5 16 23 17 13 11 22 3 25 10 2 15) 1042.0930000 0.0009596
(15 19 9 18 7 20 24 4 14 12 8 6 21 1 5 16 23 17 13 11 22 3 25 10 2 15) 1042.0930000 0.0009596
(15 19 9 18 7 20 24 4 14 12 8 6 21 1 5 16 23 17 13 11 22 3 25 10 2 15) 1042.0930000 0.0009596
(15 19 9 18 7 20 24 4 14 12 8 6 21 1 5 16 23 17 13 11 22 3 25 10 2 15) 1042.0930000 0.0009596
(15 19 9 18 7 20 24 4 14 12 8 6 21 1 5 16 23 17 13 11 22 3 25 10 2 15) 1042.0930000 0.0009596
(15 19 9 18 7 20 24 4 14 12 8 6 21 1 5 16 23 17 13 11 22 3 25 10 2 15) 1042.0930000 0.0009596
(15 19 9 18 7 20 24 4 14 12 8 6 21 1 5 16 23 17 13 11 22 3 25 10 2 15) 1042.0930000 0.0009596
(15 19 9 18 7 20 24 4 14 12 8 6 21 1 5 16 23 17 13 11 22 3 25 10 2 15) 1042.0930000 0.0009596
(15 19 9 18 7 20 24 4 14 12 8 6 21 1 5 16 23 17 13 11 22 3 25 10 2 15) 1042.0930000 0.0009596
(15 19 9 18 7 20 24 4 14 12 8 6 21 1 5 16 23 17 13 11 22 3 25 10 2 15) 1042.0930000 0.0009596
(15 19 9 18 7 20 24 4 14 12 8 6 21 1 5 16 23 17 13 11 22 3 25 10 2 15) 1042.0930000 0.0009596
(15 19 9 18 7 20 24 4 14 12 8 6 21 1 5 16 23 17 13 11 22 3 25 10 2 15) 1042.0930000 0.0009596
(15 19 9 18 7 20 24 4 14 12 8 6 21 1 5 16 23 17 13 11 22 3 25 10 2 15) 1042.0930000 0.0009596
(15 19 9 18 7 20 24 4 14 12 8 6 21 1 5 16 23 17 13 11 22 3 25 10 2 15) 1042.0930000 0.0009596
(15 19 9 18 7 20 24 4 14 12 8 6 21 1 5 16 23 17 13 11 22 3 25 10 2 15) 1042.0930000 0.0009596
(15 19 9 18 7 20 24 4 14 12 8 6 21 1 5 16 23 17 13 11 22 3 25 10 2 15) 1042.0930000 0.0009596
(15 19 9 18 7 20 24 4 14 12 8 6 21 1 5 16 23 17 13 11 22 3 25 10 2 15) 1042.0930000 0.0009596
(15 19 9 18 7 20 24 4 14 12 8 6 21 1 5 16 23 17 13 11 22 3 25 10 2 15) 1042.0930000 0.0009596
(15 19 9 18 7 20 24 4 14 12 8 6 21 1 5 16 23 17 13 11 22 3 25 10 2 15) 1042.0930000 0.0009596
(15 19 9 18 7 20 24 4 14 12 8 6 21 1 5 16 23 17 13 11 22 3 25 10 2 15) 1042.0930000 0.0009596
(15 19 9 18 7 20 24 4 14 12 8 6 21 1 5 16 23 17 13 11 22 3 25 10 2 15) 1042.0930000 0.0009596
(15 19 9 18 7 20 24 4 14 12 8 6 21 1 5 16 23 17 13 11 22 3 25 10 2 15) 1042.0930000 0.0009596
(15 19 9 18 7 20 24 4 14 12 8 6 21 1 5 16 23 17 13 11 22 3 25 10 2 15) 1042.0930000 0.0009596
(15 19 9 18 7 20 24 4 14 12 8 6 21 1 5 16 23 17 13 11 22 3 25 10 2 15) 1042.0930000 0.0009596
(15 19 9 18 7 20 24 4 14 12 8 6 21 1 5 16 23 17 13 11 22 3 25 10 2 15) 1042.0930000 0.0009596
(15 19 9 18 7 20 24 4 14 12 8 6 21 1 5 16 23 17 13 11 22 3 25 10 2 15) 1042.0930000 0.0009596
(15 19 9 18 7 20 24 4 14 12 8 6 21 1 5 16 23 17 13 11 22 3 25 10 2 15) 1042.0930000 0.0009596
(15 19 9 18 7 20 24 4 14 12 8 6 21 1 5 16 23 17 13 11 22 3 25 10 2 15) 1042.0930000 0.0009596
(15 19 9 18 7 20 24 4 14 12 8 6 21 1 5 16 23 17 13 11 22 3 25 10 2 15) 1042.0930000 0.0009596
(15 19 9 18 7 20 24 4 14 12 8 6 21 1 5 16 23 17 13 11 22 3 25 10 2 15) 1042.0930000 0.0009596
(15 19 9 18 7 20 24 4 14 12 8 6 21 1 5 16 23 17 13 11 22 3 25 10 2 15) 1042.0930000 0.0009596
(15 19 9 18 7 20 24 4 14 12 8 6 21 1 5 16 23 17 13 11 22 3 25 10 2 15) 1042.0930000 0.0009596
(15 19 9 18 7 20 24 4 14 12 8 6 21 1 5 16 23 17 13 11 22 3 25 10 2 15) 1042.0930000 0.0009596
(15 19 9 18 7 20 24 4 14 12 8 6 21 1 5 16 23 17 13 11 22 3 25 10 2 15) 1042.0930000 0.0009596
(15 19 9 18 7 20 24 4 14 12 8 6 21 1 5 16 23 17 13 11 22 3 25 10 2 15) 1042.0930000 0.0009596
(15 19 9 18 7 20 24 4 14 12 8 6 21 1 5 16 23 17 13 11 22 3 25 10 2 15) 1042.0930000 0.0009596
(15 19 9 18 7 20 24 4 14 12 8 6 21 1 5 16 23 17 13 11 22 3 25 10 2 15) 1042.0930000 0.0009596
(15 19 9 18 7 20 24 4 14 12 8 6 21 1 5 16 23 17 13 11 22 3 25 10 2 15) 1042.0930000 0.0009596
(15 19 9 18 7 20 24 4 14 12 8 6 21 1 5 16 23 17 13 11 22 3 25 10 2 15) 1042.0930000 0.0009596
(15 19 9 18 7 20 24 4 14 12 8 6 21 1 5 16 23 17 13 11 22 3 25 10 2 15) 1042.0930000 0.0009596
(15 19 9 18 7 20 24 4 14 12 8 6 21 1 5 16 23 17 13 11 22 3 25 10 2 15) 1042.0930000 0.0009596
(15 19 9 18 7 20 24 4 14 12 8 6 21 1 5 16 23 17 13 11 22 3 25 10 2 15) 1042.0930000 0.0009596
(15 19 9 18 7 20 24 4 14 12 8 6 21 1 5 16 23 17 13 11 22 3 25 10 2 15) 1042.0930000 0.0009596
(15 19 9 18 7 20 24 4 14 12 8 6 21 1 5 16 23 17 13 11 22 3 25 10 2 15) 1042.0930000 0.0009596
(15 19 9 18 7 20 24 4 14 12 8 6 21 1 5 16 23 17 13 11 22 3 25 10 2 15) 1042.0930000 0.0009596
(15 19 9 18 7 20 24 4 14 12 8 6 21 1 5 16 23 17 13 11 22 3 25 10 2 15) 1042.0930000 0.0009596
(15 19 9 18 7 20 24 4 14 12 8 6 21 1 5 16 23 17 13 11 22 3 25 10 2 15) 1042.0930000 0.0009596
(15 19 9 18 7 20 24 4 14 12 8 6 21 1 5 16 23 17 13 11 22 3 25 10 2 15) 1042.0930000 0.0009596
(15 19 9 18 7 20 24 4 14 12 8 6 21 1 5 16 23 17 13 11 22 3 25 10 2 15) 1042.0930000 0.0009596
(15 19 9 18 7 20 24 4 14 12 8 6 21 1 5 16 23 17 13 11 22 3 25 10 2 15) 1042.0930000 0.0009596
(15 19 9 18 7 20 24 4 14 12 8 6 21 1 5 16 23 17 13 11 22 3 25 10 2 15) 1042.0930000 0.0009596
(15 19 9 18 7 20 24 4 14 12 8 6 21 1 5 16 23 17 13 11 22 3 25 10 2 15) 1042.0930000 0.0009596
(15 19 9 18 7 20 24 4 14 12 8 6 21 1 5 16 23 17 13 11 22 3 25 10 2 15) 1042.0930000 0.0009596
(15 19 9 18 7 20 24 4 14 12 8 6 21 1 5 16 23 17 13 11 22 3 25 10 2 15) 1042.0930000 0.0009596
(15 19 9 18 7 20 24 4 14 12 8 6 21 1 5 16 23 17 13 11 22 3 25 10 2 15) 1042.0930000 0.0009596
(15 19 9 18 7 20 24 4 14 12 8 6 21 1 5 16 23 17 13 11 22 3 25 10 2 15) 1042.0930000 0.0009596
(15 19 9 18 7 20 24 4 14 12 8 6 21 1 5 16 23 17 13 11 22 3 25 10 2 15) 1042.0930000 0.0009596
(15 19 9 18 7 20 24 4 14 12 8 6 21 1 5 16 23 17 13 11 22 3 25 10 2 15) 1042.0930000 0.0009596
(15 19 9 18 7 20 24 4 14 12 8 6 21 1 5 16 23 17 13 11 22 3 25 10 2 15) 1042.0930000 0.0009596
(15 19 9 18 7 20 24 4 14 12 8 6 21 1 5 16 23 17 13 11 22 3 25 10 2 15) 1042.0930000 0.0009596
(15 19 9 18 7 20 24 4 14 12 8 6 21 1 5 16 23 17 13 11 22 3 25 10 2 15) 1042.0930000 0.0009596
(15 19 9 18 7 20 24 4 14 12 8 6 21 1 5 16 23 17 13 11 22 3 25 10 2 15) 1042.0930000 0.0009596
(15 19 9 18 7 20 24 4 14 12 8 6 21 1 5 16 23 17 13 11 22 3 25 10 2 15) 1042.0930000 0.0009596
(15 19 9 18 7 20 24 4 14 12 8 6 21 1 5 16 23 17 13 11 22 3 25 10 2 15) 1042.0930000 0.0009596
(15 19 9 18 7 20 24 4 14 12 8 6 21 1 5 16 23 17 13 11 22 3 25 10 2 15) 1042.0930000 0.0009596
(15 19 9 18 7 20 24 4 14 12 8 6 21 1 5 16 23 17 13 11 22 3 25 10 2 15) 1042.0930000 0.0009596
(15 19 9 18 7 20 24 4 14 12 8 6 21 1 5 16 23 17 13 11 22 3 25 10 2 15) 1042.0930000 0.0009596
(15 19 9 18 7 20 24 4 14 12 8 6 21 1 5 16 23 17 13 11 22 3 25 10 2 15) 1042.0930000 0.0009596
(15 19 9 18 7 20 24 4 14 12 8 6 21 1 5 16 23 17 13 11 22 3 25 10 2 15) 1042.0930000 0.0009596
(15 19 9 18 7 20 24 4 14 12 8 6 21 1 5 16 23 17 13 11 22 3 25 10 2 15) 1042.0930000 0.0009596
(15 19 9 18 7 20 24 4 14 12 8 6 21 1 5 16 23 17 13 11 22 3 25 10 2 15) 1042.0930000 0.0009596
(15 19 9 18 7 20 24 4 14 12 8 6 21 1 5 16 23 17 13 11 22 3 25 10 2 15) 1042.0930000 0.0009596
(15 19 9 18 7 20 24 4 14 12 8 6 21 1 5 16 23 17 13 11 22 3 25 10 2 15) 1042.0930000 0.0009596
(15 19 9 18 7 20 24 4 14 12 8 6 21 1 5 16 23 17 13 11 22 3 25 10 2 15) 1042.0930000 0.0009596
(15 19 9 18 7 20 24 4 14 12 8 6 21 1 5 16 23 17 13 11 22 3 25 10 2 15) 1042.0930000 0.0009596
(15 19 9 18 7 20 24 4 14 12 8 6 21 1 5 16 23 17 13 11 22 3 25 10 2 15) 1042.0930000 0.0009596
(15 19 9 18 7 20 24 4 14 12 8 6 21 1 5 16 23 17 13 11 22 3 25 10 2 15) 1042.0930000 0.0009596
(15 19 9 18 7 20 24 4 14 12 8 6 21 1 5 16 23 17 13 11 22 3 25 10 2 15) 1042.0930000 0.0009596
(15 19 9 18 7 20 24 4 14 12 8 6 21 1 5 16 23 17 13 11 22 3 25 10 2 15) 1042.0930000 0.0009596
(15 19 9 18 7 20 24 4 14 12 8 6 21 1 5 16 23 17 13 11 22 3 25 10 2 15) 1042.0930000 0.0009596
(15 19 9 18 7 20 24 4 14 12 8 6 21 1 5 16 23 17 13 11 22 3 25 10 2 15) 1042.0930000 0.0009596
(15 19 9 18 7 20 24 4 14 12 8 6 21 1 5 16 23 17 13 11 22 3 25 10 2 15) 1042.0930000 0.0009596
(15 19 9 18 7 20 24 4 14 12 8 6 21 1 5 16 23 17 13 11 22 3 25 10 2 15) 1042.0930000 0.0009596
(15 19 9 18 7 20 24 4 14 12 8 6 21 1 5 16 23 17 13 11 22 3 25 10 2 15) 1042.0930000 0.0009596
(15 19 9 18 7 20 24 4 14 12 8 6 21 1 5 16 23 17 13 11 22 3 25 10 2 15) 1042.0930000 0.0009596
(15 19 9 18 7 20 24 4 14 12 8 6 21 1 5 16 23 17 13 11 22 3 25 10 2 15) 1042.0930000 0.0009596
(15 19 9 18 7 20 24 4 14 12 8 6 21 1 5 16 23 17 13 11 22 3 25 10 2 15) 1042.0930000 0.0009596
(15 19 9 18 7 20 24 4 14 12 8 6 21 1 5 16 23 17 13 11 22 3 25 10 2 15) 1042.0930000 0.0009596
(15 19 9 18 7 20 24 4 14 12 8 6 21 1 5 16 23 17 13 11 22 3 25 10 2 15) 1042.0930000 0.0009596
(15 19 9 18 7 20 24 4 14 12 8 6 21 1 5 16 23 17 13 11 22 3 25 10 2 15) 1042.0930000 0.0009596
(15 19 9 18 7 20 24 4 14 12 8 6 21 1 5 16 23 17 13 11 22 3 25 10 2 15) 1042.0930000 0.0009596
(15 19 9 18 7 20 24 4 14 12 8 6 21 1 5 16 23 17 13 11 22 3 25 10 2 15) 1042.0930000 0.0009596
(15 19 9 18 7 20 24 4 14 12 8 6 21 1 5 16 23 17 13 11 22 3 25 10 2 15) 1042.0930000 0.0009596
(15 19 9 18 7 20 24 4 14 12 8 6 21 1 5 16 23 17 13 11 22 3 25 10 2 15) 1042.0930000 0.0009596
(15 19 9 18 7 20 24 4 14 12 8 6 21 1 5 16 23 17 13 11 22 3 25 10 2 15) 1042.0930000 0.0009596
(15 19 9 18 7 20 24 4 14 12 8 6 21 1 5 16 23 17 13 11 22 3 25 10 2 15) 1042.0930000 0.0009596
(15 19 9 18 7 20 24 4 14 12 8 6 21 1 5 16 23 17 13 11 22 3 25 10 2 15) 1042.0930000 0.0009596
(15 19 9 18 7 20 24 4 14 12 8 6 21 1 5 16 23 17 13 11 22 3 25 10 2 15) 1042.0930000 0.0009596
(15 19 9 18 7 20 24 4 14 12 8 6 21 1 5 16 23 17 13 11 22 3 25 10 2 15) 1042.0930000 0.0009596
(15 19 9 18 7 20 24 4 14 12 8 6 21 1 5 16 23 17 13 11 22 3 25 10 2 15) 1042.0930000 0.0009596
(15 19 9 18 7 20 24 4 14 12 8 6 21 1 5 16 23 17 13 11 22 3 25 10 2 15) 1042.0930000 0.0009596
(15 19 9 18 7 20 24 4 14 12 8 6 21 1 5 16 23 17 13 11 22 3 25 10 2 15) 1042.0930000 0.0009596
(15 19 9 18 7 20 24 4 14 12 8 6 21 1 5 16 23 17 13 11 22 3 25 10 2 15) 1042.0930000 0.0009596
(15 19 9 18 7 20 24 4 14 12 8 6 21 1 5 16 23 17 13 11 22 3 25 10 2 15) 1042.0930000 0.0009596
(15 19 9 18 7 20 24 4 14 12 8 6 21 1 5 16 23 17 13 11 22 3 25 10 2 15) 1042.0930000 0.0009596
(15 19 9 18 7 20 24 4 14 12 8 6 21 1 5 16 23 17 13 11 22 3 25 10 2 15) 1042.0930000 0.0009596
(15 19 9 18 7 20 24 4 14 12 8 6 21 1 5 16 23 17 13 11 22 3 25 10 2 15) 1042.0930000 0.0009596
(15 19 9 18 7 20 24 4 14 12 8 6 21 1 5 16 23 17 13 11 22 3 25 10 2 15) 1042.0930000 0.0009596
(15 19 9 18 7 20 24 4 14 12 8 6 21 1 5 16 23 17 13 11 22 3 25 10 2 15) 1042.0930000 0.0009596
(15 19 9 18 7 20 24 4 14 12 8 6 21 1 5 16 23 17 13 11 22 3 25 10 2 15) 1042.0930000 0.0009596
(15 19 9 18 7 20 24 4 14 12 8 6 21 1 5 16 23 17 13 11 22 3 25 10 2 15) 1042.0930000 0.0009596
(15 19 9 18 7 20 24 4 14 12 8 6 21 1 5 16 23 17 13 11 22 3 25 10 2 15) 1042.0930000 0.0009596
(15 19 9 18 7 20 24 4 14 12 8 6 21 1 5 16 23 17 13 11 22 3 25 10 2 15) 1042.0930000 0.0009596
(15 19 9 18 7 20 24 4 14 12 8 6 21 1 5 16 23 17 13 11 22 3 25 10 2 15) 1042.0930000 0.0009596
(15 19 9 18 7 20 24 4 14 12 8 6 21 1 5 16 23 17 13 11 22 3 25 10 2 15) 1042.0930000 0.0009596
(15 19 9 18 7 20 24 4 14 12 8 6 21 1 5 16 23 17 13 11 22 3 25 10 2 15) 1042.0930000 0.0009596
(15 19 9 18 7 20 24 4 14 12 8 6 21 1 5 16 23 17 13 11 22 3 25 10 2 15) 1042.0930000 0.0009596
(15 19 9 18 7 20 24 4 14 12 8 6 21 1 5 16 23 17 13 11 22 3 25 10 2 15) 1042.0930000 0.0009596
(15 19 9 18 7 20 24 4 14 12 8 6 21 1 5 16 23 17 13 11 22 3 25 10 2 15) 1042.0930000 0.0009596
(15 19 9 18 7 20 24 4 14 12 8 6 21 1 5 16 23 17 13 11 22 3 25 10 2 15) 1042.0930000 0.0009596
(15 19 9 18 7 20 24 4 14 12 8 6 21 1 5 16 23 17 13 11 22 3 25 10 2 15) 1042.0930000 0.0009596
(15 19 9 18 7 20 24 4 14 12 8 6 21 1 5 16 23 17 13 11 22 3 25 10 2 15) 1042.0930000 0.0009596
(15 19 9 18 7 20 24 4 14 12 8 6 21 1 5 16 23 17 13 11 22 3 25 10 2 15) 1042.0930000 0.0009596
(15 19 9 18 7 20 24 4 14 12 8 6 21 1 5 16 23 17 13 11 22 3 25 10 2 15) 1042.0930000 0.0009596
(15 19 9 18 7 20 24 4 14 12 8 6 21 1 5 16 23 17 13 11 22 3 25 10 2 15) 1042.0930000 0.0009596
(15 19 9 18 7 20 24 4 14 12 8 6 21 1 5 16 23 17 13 11 22 3 25 10 2 15) 1042.0930000 0.0009596
(15 19 9 18 7 20 24 4 14 12 8 6 21 1 5 16 23 17 13 11 22 3 25 10 2 15) 1042.0930000 0.0009596
(15 19 9 18 7 20 24 4 14 12 8 6 21 1 5 16 23 17 13 11 22 3 25 10 2 15) 1042.0930000 0.0009596
(15 19 9 18 7 20 24 4 14 12 8 6 21 1 5 16 23 17 13 11 22 3 25 10 2 15) 1042.0930000 0.0009596
(15 19 9 18 7 20 24 4 14 12 8 6 21 1 5 16 23 17 13 11 22 3 25 10 2 15) 1042.0930000 0.0009596
(15 19 9 18 7 20 24 4 14 12 8 6 21 1 5 16 23 17 13 11 22 3 25 10 2 15) 1042.0930000 0.0009596
(15 19 9 18 7 20 24 4 14 12 8 6 21 1 5 16 23 17 13 11 22 3 25 10 2 15) 1042.0930000 0.0009596
(15 19 9 18 7 20 24 4 14 12 8 6 21 1 5 16 23 17 13 11 22 3 25 10 2 15) 1042.0930000 0.0009596
(15 19 9 18 7 20 24 4 14 12 8 6 21 1 5 16 23 17 13 11 22 3 25 10 2 15) 1042.0930000 0.0009596
(15 19 9 18 7 20 24 4 14 12 8 6 21 1 5 16 23 17 13 11 22 3 25 10 2 15) 1042.0930000 0.0009596
(15 19 9 18 7 20 24 4 14 12 8 6 21 1 5 16 23 17 13 11 22 3 25 10 2 15) 1042.0930000 0.0009596
(15 19 9 18 7 20 24 4 14 12 8 6 21 1 5 16 23 17 13 11 22 3 25 10 2 15) 1042.0930000 0.0009596
(15 19 9 18 7 20 24 4 14 12 8 6 21 1 5 16 23 17 13 11 22 3 25 10 2 15) 1042.0930000 0.0009596
(15 19 9 18 7 20 24 4 14 12 8 6 21 1 5 16 23 17 13 11 22 3 25 10 2 15) 1042.0930000 0.0009596
(15 19 9 18 7 20 24 4 14 12 8 6 21 1 5 16 23 17 13 11 22 3 25 10 2 15) 1042.0930000 0.0009596
(15 19 9 18 7 20 24 4 14 12 8 6 21 1 5 16 23 17 13 11 22 3 25 10 2 15) 1042.0930000 0.0009596
(15 19 9 18 7 20 24 4 14 12 8 6 21 1 5 16 23 17 13 11 22 3 25 10 2 15) 1042.0930000 0.0009596
(15 19 9 18 7 20 24 4 14 12 8 6 21 1 5 16 23 17 13 11 22 3 25 10 2 15) 1042.0930000 0.0009596
(15 19 9 18 7 20 24 4 14 12 8 6 21 1 5 16 23 17 13 11 22 3 25 10 2 15) 1042.0930000 0.0009596
(15 19 9 18 7 20 24 4 14 12 8 6 21 1 5 16 23 17 13 11 22 3 25 10 2 15) 1042.0930000 0.0009596
(15 19 9 18 7 20 24 4 14 12 8 6 21 1 5 16 23 17 13 11 22 3 25 10 2 15) 1042.0930000 0.0009596
(15 19 9 18 7 20 24 4 14 12 8 6 21 1 5 16 23 17 13 11 22 3 25 10 2 15) 1042.0930000 0.0009596
(15 19 9 18 7 20 24 4 14 12 8 6 21 1 5 16 23 17 13 11 22 3 25 10 2 15) 1042.0930000 0.0009596
(15 19 9 18 7 20 24 4 14 12 8 6 21 1 5 16 23 17 13 11 22 3 25 10 2 15) 1042.0930000 0.0009596
(15 19 9 18 7 20 24 4 14 12 8 6 21 1 5 16 23 17 13 11 22 3 25 10 2 15) 1042.0930000 0.0009596
(15 19 9 18 7 20 24 4 14 12 8 6 21 1 5 16 23 17 13 11 22 3 25 10 2 15) 1042.0930000 0.0009596
(15 19 9 18 7 20 24 4 14 12 8 6 21 1 5 16 23 17 13 11 22 3 25 10 2 15) 1042.0930000 0.0009596
(15 19 9 18 7 20 24 4 14 12 8 6 21 1 5 16 23 17 13 11 22 3 25 10 2 15) 1042.0930000 0.0009596
(15 19 9 18 7 20 24 4 14 12 8 6 21 1 5 16 23 17 13 11 22 3 25 10 2 15) 1042.0930000 0.0009596
(15 19 9 18 7 20 24 4 14 12 8 6 21 1 5 16 23 17 13 11 22 3 25 10 2 15) 1042.0930000 0.0009596
(15 19 9 18 7 20 24 4 14 12 8 6 21 1 5 16 23 17 13 11 22 3 25 10 2 15) 1042.0930000 0.0009596
(15 19 9 18 7 20 24 4 14 12 8 6 21 1 5 16 23 17 13 11 22 3 25 10 2 15) 1042.0930000 0.0009596
(15 19 9 18 7 20 24 4 14 12 8 6 21 1 5 16 23 17 13 11 22 3 25 10 2 15) 1042.0930000 0.0009596
(15 19 9 18 7 20 24 4 14 12 8 6 21 1 5 16 23 17 13 11 22 3 25 10 2 15) 1042.0930000 0.0009596
(15 19 9 18 7 20 24 4 14 12 8 6 21 1 5 16 23 17 13 11 22 3 25 10 2 15) 1042.0930000 0.0009596
(15 19 9 18 7 20 24 4 14 12 8 6 21 1 5 16 23 17 13 11 22 3 25 10 2 15) 1042.0930000 0.0009596
(15 19 9 18 7 20 24 4 14 12 8 6 21 1 5 16 23 17 13 11 22 3 25 10 2 15) 1042.0930000 0.0009596
(15 19 9 18 7 20 24 4 14 12 8 6 21 1 5 16 23 17 13 11 22 3 25 10 2 15) 1042.0930000 0.0009596
(15 19 9 18 7 20 24 4 14 12 8 6 21 1 5 16 23 17 13 11 22 3 25 10 2 15) 1042.0930000 0.0009596
(15 19 9 18 7 20 24 4 14 12 8 6 21 1 5 16 23 17 13 11 22 3 25 10 2 15) 1042.0930000 0.0009596
(15 19 9 18 7 20 24 4 14 12 8 6 21 1 5 16 23 17 13 11 22 3 25 10 2 15) 1042.0930000 0.0009596
(15 19 9 18 7 20 24 4 14 12 8 6 21 1 5 16 23 17 13 11 22 3 25 10 2 15) 1042.0930000 0.0009596
(15 19 9 18 7 20 24 4 14 12 8 6 21 1 5 16 23 17 13 11 22 3 25 10 2 15) 1042.0930000 0.0009596
(15 19 9 18 7 20 24 4 14 12 8 6 21 1 5 16 23 17 13 11 22 3 25 10 2 15) 1042.0930000 0.0009596
(15 19 9 18 7 20 24 4 14 12 8 6 21 1 5 16 23 17 13 11 22 3 25 10 2 15) 1042.0930000 0.0009596
(15 19 9 18 7 20 24 4 14 12 8 6 21 1 5 16 23 17 13 11 22 3 25 10 2 15) 1042.0930000 0.0009596
(15 19 9 18 7 20 24 4 14 12 8 6 21 1 5 16 23 17 13 11 22 3 25 10 2 15) 1042.0930000 0.0009596
(15 19 9 18 7 20 24 4 14 12 8 6 21 1 5 16 23 17 13 11 22 3 25 10 2 15) 1042.0930000 0.0009596
(15 19 9 18 7 20 24 4 14 12 8 6 21 1 5 16 23 17 13 11 22 3 25 10 2 15) 1042.0930000 0.0009596
(15 19 9 18 7 20 24 4 14 12 8 6 21 1 5 16 23 17 13 11 22 3 25 10 2 15) 1042.0930000 0.0009596
(15 19 9 18 7 20 24 4 14 12 8 6 21 1 5 16 23 17 13 11 22 3 25 10 2 15) 1042.0930000 0.0009596
(15 19 9 18 7 20 24 4 14 12 8 6 21 1 5 16 23 17 13 11 22 3 25 10 2 15) 1042.0930000 0.0009596
(15 19 9 18 7 20 24 4 14 12 8 6 21 1 5 16 23 17 13 11 22 3 25 10 2 15) 1042.0930000 0.0009596
(15 19 9 18 7 20 24 4 14 12 8 6 21 1 5 16 23 17 13 11 22 3 25 10 2 15) 1042.0930000 0.0009596
(15 19 9 18 7 20 24 4 14 12 8 6 21 1 5 16 23 17 13 11 22 3 25 10 2 15) 1042.0930000 0.0009596
(15 19 9 18 7 20 24 4 14 12 8 6 21 1 5 16 23 17 13 11 22 3 25 10 2 15) 1042.0930000 0.0009596
(15 19 9 18 7 20 24 4 14 12 8 6 21 1 5 16 23 17 13 11 22 3 25 10 2 15) 1042.0930000 0.0009596
(15 19 9 18 7 20 24 4 14 12 8 6 21 1 5 16 23 17 13 11 22 3 25 10 2 15) 1042.0930000 0.0009596
(15 19 9 18 7 20 24 4 14 12 8 6 21 1 5 16 23 17 13 11 22 3 25 10 2 15) 1042.0930000 0.0009596
(15 19 9 18 7 20 24 4 14 12 8 6 21 1 5 16 23 17 13 11 22 3 25 10 2 15) 1042.0930000 0.0009596
(15 19 9 18 7 20 24 4 14 12 8 6 21 1 5 16 23 17 13 11 22 3 25 10 2 15) 1042.0930000 0.0009596
(15 19 9 18 7 20 24 4 14 12 8 6 21 1 5 16 23 17 13 11 22 3 25 10 2 15) 1042.0930000 0.0009596
(15 19 9 18 7 20 24 4 14 12 8 6 21 1 5 16 23 17 13 11 22 3 25 10 2 15) 1042.0930000 0.0009596
(15 19 9 18 7 20 24 4 14 12 8 6 21 1 5 16 23 17 13 11 22 3 25 10 2 15) 1042.0930000 0.0009596
(15 19 9 18 7 20 24 4 14 12 8 6 21 1 5 16 23 17 13 11 22 3 25 10 2 15) 1042.0930000 0.0009596
(15 19 9 18 7 20 24 4 14 12 8 6 21 1 5 16 23 17 13 11 22 3 25 10 2 15) 1042.0930000 0.0009596
(15 19 9 18 7 20 24 4 14 12 8 6 21 1 5 16 23 17 13 11 22 3 25 10 2 15) 1042.0930000 0.0009596
(15 19 9 18 7 20 24 4 14 12 8 6 21 1 5 16 23 17 13 11 22 3 25 10 2 15) 1042.0930000 0.0009596
(15 19 9 18 7 20 24 4 14 12 8 6 21 1 5 16 23 17 13 11 22 3 25 10 2 15) 1042.0930000 0.0009596
(15 19 9 18 7 20 24 4 14 12 8 6 21 1 5 16 23 17 13 11 22 3 25 10 2 15) 1042.0930000 0.0009596
(15 19 9 18 7 20 24 4 14 12 8 6 21 1 5 16 23 17 13 11 22 3 25 10 2 15) 1042.0930000 0.0009596
(15 19 9 18 7 20 24 4 14 12 8 6 21 1 5 16 23 17 13 11 22 3 25 10 2 15) 1042.0930000 0.0009596
(15 19 9 18 7 20 24 4 14 12 8 6 21 1 5 16 23 17 13 11 22 3 25 10 2 15) 1042.0930000 0.0009596
(15 19 9 18 7 20 24 4 14 12 8 6 21 1 5 16 23 17 13 11 22 3 25 10 2 15) 1042.0930000 0.0009596
(15 19 9 18 7 20 24 4 14 12 8 6 21 1 5 16 23 17 13 11 22 3 25 10 2 15) 1042.0930000 0.0009596
(15 19 9 18 7 20 24 4 14 12 8 6 21 1 5 16 23 17 13 11 22 3 25 10 2 15) 1042.0930000 0.0009596
(15 19 9 18 7 20 24 4 14 12 8 6 21 1 5 16 23 17 13 11 22 3 25 10 2 15) 1042.0930000 0.0009596
(15 19 9 18 7 20 24 4 14 12 8 6 21 1 5 16 23 17 13 11 22 3 25 10 2 15) 1042.0930000 0.0009596
(15 19 9 18 7 20 24 4 14 12 8 6 21 1 5 16 23 17 13 11 22 3 25 10 2 15) 1042.0930000 0.0009596
(15 19 9 18 7 20 24 4 14 12 8 6 21 1 5 16 23 17 13 11 22 3 25 10 2 15) 1042.0930000 0.0009596
(15 19 9 18 7 20 24 4 14 12 8 6 21 1 5 16 23 17 13 11 22 3 25 10 2 15) 1042.0930000 0.0009596
(15 19 9 18 7 20 24 4 14 12 8 6 21 1 5 16 23 17 13 11 22 3 25 10 2 15) 1042.0930000 0.0009596
(15 19 9 18 7 20 24 4 14 12 8 6 21 1 5 16 23 17 13 11 22 3 25 10 2 15) 1042.0930000 0.0009596
(15 19 9 18 7 20 24 4 14 12 8 6 21 1 5 16 23 17 13 11 22 3 25 10 2 15) 1042.0930000 0.0009596
(15 19 9 18 7 20 24 4 14 12 8 6 21 1 5 16 23 17 13 11 22 3 25 10 2 15) 1042.0930000 0.0009596
(15 19 9 18 7 20 24 4 14 12 8 6 21 1 5 16 23 17 13 11 22 3 25 10 2 15) 1042.0930000 0.0009596
(15 19 9 18 7 20 24 4 14 12 8 6 21 1 5 16 23 17 13 11 22 3 25 10 2 15) 1042.0930000 0.0009596
(15 19 9 18 7 20 24 4 14 12 8 6 21 1 5 16 23 17 13 11 22 3 25 10 2 15) 1042.0930000 0.0009596
(15 19 9 18 7 20 24 4 14 12 8 6 21 1 5 16 23 17 13 11 22 3 25 10 2 15) 1042.0930000 0.0009596
(15 19 9 18 7 20 24 4 14 12 8 6 21 1 5 16 23 17 13 11 22 3 25 10 2 15) 1042.0930000 0.0009596
(15 19 9 18 7 20 24 4 14 12 8 6 21 1 5 16 23 17 13 11 22 3 25 10 2 15) 1042.0930000 0.0009596
(15 19 9 18 7 20 24 4 14 12 8 6 21 1 5 16 23 17 13 11 22 3 25 10 2 15) 1042.0930000 0.0009596
(15 19 9 18 7 20 24 4 14 12 8 6 21 1 5 16 23 17 13 11 22 3 25 10 2 15) 1042.0930000 0.0009596
(15 19 9 18 7 20 24 4 14 12 8 6 21 1 5 16 23 17 13 11 22 3 25 10 2 15) 1042.0930000 0.0009596
(15 19 9 18 7 20 24 4 14 12 8 6 21 1 5 16 23 17 13 11 22 3 25 10 2 15) 1042.0930000 0.0009596
(15 19 9 18 7 20 24 4 14 12 8 6 21 1 5 16 23 17 13 11 22 3 25 10 2 15) 1042.0930000 0.0009596
(15 19 9 18 7 20 24 4 14 12 8 6 21 1 5 16 23 17 13 11 22 3 25 10 2 15) 1042.0930000 0.0009596
(15 19 9 18 7 20 24 4 14 12 8 6 21 1 5 16 23 17 13 11 22 3 25 10 2 15) 1042.0930000 0.0009596
(15 19 9 18 7 20 24 4 14 12 8 6 21 1 5 16 23 17 13 11 22 3 25 10 2 15) 1042.0930000 0.0009596
