(15 22 25 3 18 20 1 4 24 5 21 17 6 8 10 2 13 23 16 19 7 14 11 9 12 15) 2021.1650000 0.0004948
(15 8 12 19 21 18 17 3 20 24 4 1 22 23 13 11 25 10 7 9 14 16 5 2 6 15) 1921.1118000 0.0005205
(15 8 12 19 21 18 17 3 20 24 4 1 22 23 13 11 25 10 7 9 14 16 5 2 6 15) 1921.1118000 0.0005205
(15 6 8 12 21 18 16 17 19 3 1 22 11 13 23 5 7 4 24 20 25 9 10 2 14 15) 1786.7668000 0.0005597
(15 6 8 12 21 18 16 17 19 3 1 22 11 13 23 5 7 4 24 20 25 9 10 2 14 15) 1786.7668000 0.0005597
(15 8 12 19 21 18 17 22 3 20 24 4 16 1 23 13 11 25 9 7 5 14 10 2 6 15) 1678.9058000 0.0005956
(15 8 12 19 21 18 17 22 3 20 24 4 16 1 23 13 11 25 9 7 5 14 10 2 6 15) 1678.9058000 0.0005956
(15 8 12 19 21 18 17 22 3 20 24 4 16 1 23 13 11 25 9 7 5 14 10 2 6 15) 1678.9058000 0.0005956
(15 8 12 19 21 18 17 22 3 20 24 4 16 1 23 13 11 25 9 7 5 14 10 2 6 15) 1678.9058000 0.0005956
(15 8 12 19 21 18 17 22 3 20 24 4 16 1 23 13 11 25 9 7 5 14 10 2 6 15) 1678.9058000 0.0005956
(15 8 12 19 21 18 17 22 3 20 24 4 16 1 23 13 11 25 9 7 5 14 10 2 6 15) 1678.9058000 0.0005956
(15 8 12 19 21 18 17 22 3 20 24 4 16 1 23 13 11 25 9 7 5 14 10 2 6 15) 1678.9058000 0.0005956
(15 8 12 19 21 18 17 22 3 20 24 4 7 1 23 13 11 25 9 16 5 14 10 2 6 15) 1642.6721000 0.0006088
(15 8 12 19 21 18 17 22 3 20 24 4 1 16 23 13 11 25 9 7 5 14 10 2 6 15) 1604.9360000 0.0006231
(15 8 12 19 21 18 17 22 3 20 24 4 1 16 23 13 11 25 9 7 5 14 10 2 6 15) 1604.9360000 0.0006231
(15 8 12 19 21 18 17 22 3 20 24 4 1 16 23 13 11 25 9 7 5 14 10 2 6 15) 1604.9360000 0.0006231
(15 8 12 19 21 18 17 22 3 20 24 4 1 16 23 13 11 25 9 7 5 14 10 2 6 15) 1604.9360000 0.0006231
(15 8 12 19 21 18 17 22 3 20 24 4 1 16 23 13 11 25 9 7 5 14 10 2 6 15) 1604.9360000 0.0006231
(15 8 12 19 21 18 17 22 3 20 24 4 1 16 23 13 11 25 9 7 5 14 10 2 6 15) 1604.9360000 0.0006231
(15 8 12 19 21 18 17 22 3 20 24 4 1 16 23 13 11 25 9 7 5 14 10 2 6 15) 1604.9360000 0.0006231
(15 8 12 19 21 18 17 22 3 20 24 4 1 16 23 13 11 25 9 7 5 14 10 2 6 15) 1604.9360000 0.0006231
(15 8 12 19 21 18 17 22 3 20 24 4 1 16 23 13 11 25 9 7 5 14 10 2 6 15) 1604.9360000 0.0006231
(15 8 12 19 21 18 17 22 3 20 24 4 1 16 23 13 11 25 9 7 5 14 10 2 6 15) 1604.9360000 0.0006231
(15 8 12 19 21 18 17 22 3 20 24 4 1 16 23 13 11 25 9 7 5 14 10 2 6 15) 1604.9360000 0.0006231
(15 8 12 19 21 18 17 22 3 20 24 4 1 16 23 13 11 25 9 7 5 14 10 2 6 15) 1604.9360000 0.0006231
(15 8 12 19 21 18 17 22 3 20 24 4 5 16 23 13 11 25 9 7 1 14 10 2 6 15) 1574.0322000 0.0006353
(15 8 12 21 19 18 17 22 3 20 24 4 1 16 23 13 11 25 9 7 5 14 10 2 6 15) 1517.0801000 0.0006592
(15 8 12 21 19 18 17 22 3 20 24 4 5 16 23 13 11 25 9 7 1 14 10 2 6 15) 1486.1763000 0.0006729
(15 8 12 21 19 18 17 22 3 20 24 4 5 16 23 13 11 25 9 7 1 14 10 2 6 15) 1486.1763000 0.0006729
(15 8 12 21 19 18 17 22 3 20 24 4 5 1 16 23 13 11 25 9 7 14 10 2 6 15) 1473.2139000 0.0006788
(15 8 12 21 19 18 17 22 3 20 24 4 5 1 16 23 13 11 25 9 7 14 10 2 6 15) 1473.2139000 0.0006788
(15 8 12 21 19 18 17 22 3 20 24 4 5 1 16 23 13 11 25 9 7 14 10 2 6 15) 1473.2139000 0.0006788
(15 8 12 21 19 18 17 22 3 20 24 4 5 1 16 23 13 11 25 9 7 14 10 2 6 15) 1473.2139000 0.0006788
(15 8 12 21 19 18 17 22 3 20 24 4 5 1 16 23 13 11 25 9 7 14 10 2 6 15) 1473.2139000 0.0006788
(15 8 12 21 19 18 17 22 3 20 24 4 1 5 16 23 13 11 25 9 7 14 10 2 6 15) 1470.4563000 0.0006801
(15 8 12 21 19 18 17 22 3 20 24 4 1 5 16 23 13 11 25 9 7 14 10 2 6 15) 1470.4563000 0.0006801
(15 8 12 21 19 18 17 22 3 20 24 4 1 5 16 23 13 11 25 9 7 14 10 2 6 15) 1470.4563000 0.0006801
(15 8 12 21 19 18 17 22 3 20 24 4 1 5 16 23 13 11 25 9 7 14 10 2 6 15) 1470.4563000 0.0006801
(15 8 12 21 19 18 17 22 3 20 24 4 1 5 16 23 13 11 25 9 7 14 10 2 6 15) 1470.4563000 0.0006801
(15 8 12 21 19 18 17 22 3 20 24 4 1 5 16 23 13 11 25 9 7 14 10 2 6 15) 1470.4563000 0.0006801
(15 8 12 21 19 18 17 22 3 20 24 4 1 5 16 23 13 11 25 9 7 14 10 2 6 15) 1470.4563000 0.0006801
(15 8 12 21 19 18 17 22 3 20 24 4 1 5 16 23 13 11 25 9 7 14 10 2 6 15) 1470.4563000 0.0006801
(15 8 12 21 19 18 17 22 3 20 24 4 1 5 16 23 13 11 25 9 7 14 10 2 6 15) 1470.4563000 0.0006801
(15 8 12 21 9 18 17 22 3 20 24 4 1 5 16 23 13 11 25 19 7 14 10 2 6 15) 1462.5415000 0.0006837
(15 8 12 21 9 18 17 22 3 20 24 4 1 5 16 23 13 11 25 19 7 14 10 2 6 15) 1462.5415000 0.0006837
(15 8 12 21 9 18 17 22 3 20 24 4 1 5 16 23 13 11 25 19 7 14 10 2 6 15) 1462.5415000 0.0006837
(15 8 12 21 9 18 17 22 3 20 24 4 1 5 16 23 13 11 25 19 7 14 10 2 6 15) 1462.5415000 0.0006837
(15 8 12 21 9 18 17 22 3 20 24 4 1 5 16 23 13 11 25 19 7 14 10 2 6 15) 1462.5415000 0.0006837
(15 8 12 21 9 18 17 22 3 20 24 4 1 5 16 23 13 11 25 19 7 14 10 2 6 15) 1462.5415000 0.0006837
(15 8 12 21 9 18 17 22 3 20 24 4 1 5 16 23 13 11 25 19 7 14 10 2 6 15) 1462.5415000 0.0006837
(15 8 12 21 9 18 17 22 3 20 24 4 1 5 16 23 13 11 25 19 7 14 10 2 6 15) 1462.5415000 0.0006837
(15 8 12 21 9 18 17 22 3 20 24 4 1 5 16 23 13 11 25 19 7 14 10 2 6 15) 1462.5415000 0.0006837
(15 8 12 21 9 18 17 22 3 20 24 4 1 5 16 23 13 11 25 19 7 14 10 2 6 15) 1462.5415000 0.0006837
(15 8 12 21 9 18 17 22 3 20 24 4 1 5 16 23 13 11 25 19 7 14 10 2 6 15) 1462.5415000 0.0006837
(15 8 12 21 9 18 17 22 3 20 24 4 1 5 16 23 13 11 25 19 7 14 10 2 6 15) 1462.5415000 0.0006837
(15 8 12 21 9 18 17 22 3 20 24 4 1 5 16 23 13 11 25 19 7 14 10 2 6 15) 1462.5415000 0.0006837
(15 8 12 21 9 18 17 22 3 20 24 4 1 5 16 23 13 11 25 19 7 14 10 2 6 15) 1462.5415000 0.0006837
(15 8 12 21 9 18 17 22 3 20 24 4 1 5 16 23 13 11 25 19 7 14 10 2 6 15) 1462.5415000 0.0006837
(15 8 12 21 9 18 17 22 3 20 24 4 1 5 16 23 13 11 25 19 7 14 10 2 6 15) 1462.5415000 0.0006837
(15 8 12 21 9 18 17 22 3 20 24 4 1 5 16 23 13 11 25 19 7 14 10 2 6 15) 1462.5415000 0.0006837
(15 8 12 21 9 18 17 22 3 20 24 4 1 5 16 23 13 11 25 19 7 14 10 2 6 15) 1462.5415000 0.0006837
(15 8 12 21 9 18 17 22 3 20 24 4 1 5 16 23 13 11 25 19 7 14 10 2 6 15) 1462.5415000 0.0006837
(15 8 12 21 9 18 17 22 3 20 24 4 1 5 16 23 13 11 25 19 7 14 10 2 6 15) 1462.5415000 0.0006837
(15 8 12 21 9 18 17 22 3 20 24 4 1 5 16 23 13 11 25 19 7 14 10 2 6 15) 1462.5415000 0.0006837
(15 8 12 21 9 18 17 22 3 20 24 4 1 5 16 23 13 11 25 19 7 14 10 2 6 15) 1462.5415000 0.0006837
(15 8 12 21 9 18 17 22 3 20 24 4 1 5 16 23 13 11 25 19 7 14 10 2 6 15) 1462.5415000 0.0006837
(15 8 12 21 9 18 17 22 3 20 24 4 1 5 16 23 13 11 25 19 7 14 10 2 6 15) 1462.5415000 0.0006837
(15 8 12 21 9 18 17 22 3 20 24 4 1 5 16 23 13 11 25 19 7 14 10 2 6 15) 1462.5415000 0.0006837
(15 8 12 21 9 18 17 22 3 20 24 4 1 5 16 23 13 11 25 19 7 14 10 2 6 15) 1462.5415000 0.0006837
(15 8 12 21 9 18 17 22 3 20 24 4 1 5 16 23 13 11 25 19 7 14 10 2 6 15) 1462.5415000 0.0006837
(15 8 12 21 9 18 17 22 3 20 24 4 1 5 16 23 13 11 25 19 7 14 10 2 6 15) 1462.5415000 0.0006837
(15 8 12 21 9 18 17 22 3 20 24 4 1 5 16 23 13 11 25 19 7 14 10 2 6 15) 1462.5415000 0.0006837
(15 8 12 21 9 18 17 22 3 20 24 4 1 5 16 23 13 11 25 19 7 14 10 2 6 15) 1462.5415000 0.0006837
(15 8 12 21 9 18 17 22 3 20 24 4 1 5 16 23 13 11 25 19 7 14 10 2 6 15) 1462.5415000 0.0006837
(15 8 12 21 9 18 17 22 3 20 24 4 1 5 16 23 13 11 25 19 7 14 10 2 6 15) 1462.5415000 0.0006837
(15 8 12 21 9 18 17 22 3 20 24 4 1 5 16 23 13 11 25 19 7 14 10 2 6 15) 1462.5415000 0.0006837
(15 8 12 21 9 18 17 22 3 20 24 4 1 5 16 23 13 11 25 19 7 14 10 2 6 15) 1462.5415000 0.0006837
(15 8 12 21 9 18 17 22 3 20 24 4 1 5 16 23 13 11 25 19 7 14 10 2 6 15) 1462.5415000 0.0006837
(15 8 12 21 9 18 17 22 3 20 24 4 1 5 16 23 13 11 25 19 7 14 10 2 6 15) 1462.5415000 0.0006837
(15 8 12 21 9 18 17 22 3 20 24 4 1 5 16 23 13 11 25 19 7 14 10 2 6 15) 1462.5415000 0.0006837
(15 8 12 21 9 18 17 22 3 20 24 4 1 5 16 23 13 11 25 19 7 14 10 2 6 15) 1462.5415000 0.0006837
(15 8 12 21 9 18 17 22 3 20 24 4 1 5 16 23 13 11 25 19 7 14 10 2 6 15) 1462.5415000 0.0006837
(15 8 12 21 9 18 17 22 3 20 24 4 1 5 16 23 13 11 25 19 7 14 10 2 6 15) 1462.5415000 0.0006837
(15 8 12 21 9 18 17 22 3 20 24 4 1 5 16 23 13 11 25 19 7 14 10 2 6 15) 1462.5415000 0.0006837
(15 8 12 21 9 18 17 22 3 20 24 4 1 5 16 23 13 11 25 19 7 14 10 2 6 15) 1462.5415000 0.0006837
(15 8 12 21 9 18 17 22 3 20 24 4 1 5 16 23 13 11 25 19 7 14 10 2 6 15) 1462.5415000 0.0006837
(15 8 12 21 9 18 17 22 3 20 24 4 1 5 16 23 13 11 25 19 7 14 10 2 6 15) 1462.5415000 0.0006837
(15 8 12 21 9 18 17 22 3 20 24 4 1 5 16 23 13 11 25 19 7 14 10 2 6 15) 1462.5415000 0.0006837
(15 8 12 21 9 18 17 22 3 20 24 4 1 5 16 23 13 11 25 19 7 14 10 2 6 15) 1462.5415000 0.0006837
(15 8 12 21 9 18 17 22 3 20 24 4 1 5 16 23 13 11 25 19 7 14 10 2 6 15) 1462.5415000 0.0006837
(15 8 12 21 9 18 17 22 3 20 24 4 1 5 16 23 13 11 25 19 7 14 10 2 6 15) 1462.5415000 0.0006837
(15 8 12 21 9 18 17 22 3 20 24 4 1 5 16 23 13 11 25 19 7 14 10 2 6 15) 1462.5415000 0.0006837
(15 8 12 21 9 18 17 22 3 20 24 4 1 5 16 23 13 11 25 19 7 14 10 2 6 15) 1462.5415000 0.0006837
(15 8 12 21 9 18 17 22 3 20 24 4 1 5 16 23 13 11 25 19 7 14 10 2 6 15) 1462.5415000 0.0006837
(15 8 12 21 9 18 17 22 3 20 24 4 1 5 16 23 13 11 25 19 7 14 10 2 6 15) 1462.5415000 0.0006837
(15 8 12 21 9 18 17 22 3 20 24 4 1 5 16 23 13 11 25 19 7 14 10 2 6 15) 1462.5415000 0.0006837
(15 8 12 21 9 18 17 22 3 20 24 4 1 5 16 23 13 11 25 19 7 14 10 2 6 15) 1462.5415000 0.0006837
(15 8 12 21 9 18 17 22 3 20 24 4 1 5 16 23 13 11 25 19 7 14 10 2 6 15) 1462.5415000 0.0006837
(15 8 12 21 9 18 17 22 3 20 24 4 14 5 16 23 13 11 25 19 7 1 10 2 6 15) 1408.7539000 0.0007098
(15 8 12 21 9 18 17 22 3 20 24 4 14 5 16 23 13 11 25 19 7 1 10 2 6 15) 1408.7539000 0.0007098
(15 8 12 21 9 18 17 22 3 20 24 4 14 5 16 23 13 11 25 19 7 1 10 2 6 15) 1408.7539000 0.0007098
(15 8 12 21 9 18 17 22 3 20 24 4 14 5 1 16 23 13 11 25 19 7 10 2 6 15) 1385.6824000 0.0007217
(15 8 12 21 9 18 17 22 3 20 24 4 14 5 1 16 23 13 11 19 7 25 10 2 6 15) 1350.9661000 0.0007402
(15 8 12 21 9 18 17 22 3 20 24 4 14 5 1 16 23 13 11 19 7 25 10 2 6 15) 1350.9661000 0.0007402
(15 8 12 21 9 18 17 22 3 20 24 4 14 5 1 16 23 13 11 19 7 25 10 2 6 15) 1350.9661000 0.0007402
(15 8 12 21 9 18 17 22 3 20 24 4 14 5 1 16 23 13 11 19 7 25 10 2 6 15) 1350.9661000 0.0007402
(15 8 12 21 9 18 17 22 3 20 24 4 14 5 1 16 23 13 11 19 7 25 10 2 6 15) 1350.9661000 0.0007402
(15 8 12 21 9 18 17 22 3 20 24 4 14 5 1 16 23 13 11 19 7 25 10 2 6 15) 1350.9661000 0.0007402
(15 8 12 21 9 18 17 22 3 20 24 4 14 5 1 16 23 11 13 19 7 25 10 2 6 15) 1340.0381000 0.0007462
(15 8 12 21 9 18 17 22 3 20 24 4 14 5 1 16 23 11 13 19 7 25 10 2 6 15) 1340.0381000 0.0007462
(15 8 12 21 9 18 17 22 3 20 24 4 14 5 1 16 23 11 13 19 7 25 10 2 6 15) 1340.0381000 0.0007462
(15 8 12 21 9 18 17 22 3 20 24 4 14 5 1 16 23 11 13 19 7 25 10 2 6 15) 1340.0381000 0.0007462
(15 8 12 21 9 18 17 22 3 20 24 4 14 5 1 16 23 11 13 19 7 25 10 2 6 15) 1340.0381000 0.0007462
(15 8 12 21 9 18 17 22 3 20 24 4 14 5 1 16 23 11 13 19 7 25 10 2 6 15) 1340.0381000 0.0007462
(15 8 12 21 9 18 17 22 3 20 24 4 14 5 1 16 23 11 13 19 7 25 10 2 6 15) 1340.0381000 0.0007462
(15 8 12 21 9 18 17 22 3 20 24 4 14 5 1 16 23 11 13 19 7 25 10 2 6 15) 1340.0381000 0.0007462
(15 8 12 21 9 18 17 22 3 20 24 4 14 5 1 16 23 11 13 19 7 25 10 2 6 15) 1340.0381000 0.0007462
(15 8 12 21 9 18 17 22 3 20 24 4 14 5 1 16 23 11 13 19 7 25 10 2 6 15) 1340.0381000 0.0007462
(15 8 12 21 9 18 17 22 3 20 24 4 14 5 1 16 23 11 13 19 7 25 10 2 6 15) 1340.0381000 0.0007462
(15 8 12 21 9 18 17 22 3 20 24 4 14 5 1 16 23 11 13 19 7 25 10 2 6 15) 1340.0381000 0.0007462
(15 8 12 21 9 18 17 22 3 20 24 4 14 5 1 16 23 11 13 19 7 25 10 2 6 15) 1340.0381000 0.0007462
(15 8 12 21 9 18 17 22 3 20 24 4 14 5 1 16 23 11 13 19 7 25 10 2 6 15) 1340.0381000 0.0007462
(15 8 12 21 9 18 17 22 3 20 24 4 14 5 1 16 23 11 13 19 7 25 10 2 6 15) 1340.0381000 0.0007462
(15 8 12 21 7 18 17 22 3 20 24 4 14 5 1 16 23 11 13 19 9 25 10 2 6 15) 1322.2222000 0.0007563
(15 8 12 21 7 18 17 22 3 20 24 4 14 5 1 16 23 11 13 19 9 25 10 2 6 15) 1322.2222000 0.0007563
(15 8 12 21 18 17 22 3 20 24 4 14 5 1 16 23 11 13 7 19 9 25 10 2 6 15) 1317.4731000 0.0007590
(15 8 12 21 18 17 22 3 20 24 4 14 5 1 16 23 11 13 7 19 9 25 10 2 6 15) 1317.4731000 0.0007590
(15 8 12 21 18 17 22 3 20 24 4 14 5 1 7 16 23 11 13 19 9 25 10 2 6 15) 1294.4131000 0.0007726
(15 8 12 21 18 17 22 3 7 20 24 4 14 5 1 16 23 11 13 19 9 25 10 2 6 15) 1255.8364000 0.0007963
(15 8 12 21 18 17 22 3 7 20 24 4 14 5 1 16 23 11 13 19 9 25 10 2 6 15) 1255.8364000 0.0007963
(15 8 12 21 18 17 22 3 7 20 24 4 14 5 1 16 23 11 13 19 9 25 10 2 6 15) 1255.8364000 0.0007963
(15 8 12 21 18 17 22 3 7 20 24 4 14 5 1 16 23 11 13 19 9 25 10 2 6 15) 1255.8364000 0.0007963
(15 8 12 21 18 17 22 3 7 20 24 4 14 5 1 16 23 11 13 19 9 25 10 2 6 15) 1255.8364000 0.0007963
(15 8 12 21 9 17 22 3 7 20 24 4 14 5 1 16 23 11 13 19 18 25 10 2 6 15) 1252.5933000 0.0007983
(15 8 12 21 9 17 22 3 7 20 24 4 14 5 1 16 23 11 13 19 18 25 10 2 6 15) 1252.5933000 0.0007983
(15 8 12 21 9 17 22 3 7 20 24 4 14 5 1 16 23 11 13 19 18 25 10 2 6 15) 1252.5933000 0.0007983
(15 8 12 21 9 17 22 3 7 20 24 4 14 5 1 16 23 11 13 19 18 25 10 2 6 15) 1252.5933000 0.0007983
(15 8 12 21 9 17 22 3 7 20 24 4 14 5 1 16 23 11 13 19 18 25 10 2 6 15) 1252.5933000 0.0007983
(15 8 12 21 9 17 22 3 7 20 24 4 14 5 1 16 23 11 13 19 18 25 10 2 6 15) 1252.5933000 0.0007983
(15 8 12 21 9 17 22 3 7 20 24 4 14 5 1 16 23 11 13 19 18 25 10 2 6 15) 1252.5933000 0.0007983
(15 8 12 21 9 17 22 3 7 20 24 4 14 5 1 16 23 11 13 19 18 25 10 2 6 15) 1252.5933000 0.0007983
(15 8 12 21 9 17 22 3 7 20 24 4 14 5 1 16 23 11 13 19 18 25 10 2 6 15) 1252.5933000 0.0007983
(15 8 12 21 9 17 22 3 7 20 24 4 14 5 1 16 23 11 13 19 18 25 10 2 6 15) 1252.5933000 0.0007983
(15 8 12 21 9 17 22 3 7 20 24 4 14 5 1 16 23 11 13 19 18 25 10 2 6 15) 1252.5933000 0.0007983
(15 8 12 21 9 17 22 3 7 20 24 4 14 5 1 16 23 11 13 19 18 25 10 2 6 15) 1252.5933000 0.0007983
(15 8 12 21 9 17 22 3 7 20 24 4 14 5 1 16 23 11 13 19 18 25 10 2 6 15) 1252.5933000 0.0007983
(15 8 12 21 9 17 22 3 7 20 24 4 14 5 1 16 23 11 13 19 18 25 10 2 6 15) 1252.5933000 0.0007983
(15 8 12 21 9 17 22 3 7 20 24 4 14 5 1 16 23 11 13 19 18 25 10 2 6 15) 1252.5933000 0.0007983
(15 8 12 21 9 17 22 3 7 20 24 4 14 5 1 16 23 11 13 19 18 25 10 2 6 15) 1252.5933000 0.0007983
(15 8 12 21 9 17 22 3 7 20 24 4 14 5 1 16 23 11 13 19 18 25 10 2 6 15) 1252.5933000 0.0007983
(15 8 12 21 9 17 22 3 7 20 24 4 14 5 1 16 23 11 13 19 18 25 10 2 6 15) 1252.5933000 0.0007983
(15 8 12 21 9 17 22 3 7 20 24 4 14 5 1 16 23 11 13 19 18 25 10 2 6 15) 1252.5933000 0.0007983
(15 8 12 21 9 17 22 3 7 20 24 4 14 5 1 16 23 11 13 19 18 25 10 2 6 15) 1252.5933000 0.0007983
(15 8 12 21 9 17 22 3 7 20 24 4 14 5 1 16 23 11 13 19 18 25 10 2 6 15) 1252.5933000 0.0007983
(15 8 12 21 9 17 22 3 7 20 24 4 14 5 1 16 23 11 13 19 18 25 10 2 6 15) 1252.5933000 0.0007983
(15 8 12 21 9 17 22 3 7 20 24 4 14 5 1 16 23 11 13 19 18 25 10 2 6 15) 1252.5933000 0.0007983
(15 8 12 21 9 17 22 3 7 20 24 4 14 5 1 16 23 11 13 19 18 25 10 2 6 15) 1252.5933000 0.0007983
(15 8 12 21 9 17 22 3 7 20 24 4 14 5 1 16 23 11 13 19 18 25 10 2 6 15) 1252.5933000 0.0007983
(15 8 12 21 9 17 22 3 7 20 24 4 14 5 1 16 23 11 13 19 18 25 10 2 6 15) 1252.5933000 0.0007983
(15 8 12 21 9 17 22 3 7 20 24 4 14 5 1 16 23 11 13 19 18 25 10 2 6 15) 1252.5933000 0.0007983
(15 8 12 21 9 17 22 3 7 20 24 4 14 5 1 16 23 11 13 19 18 25 10 2 6 15) 1252.5933000 0.0007983
(15 8 12 21 9 17 22 3 7 20 24 4 14 1 5 16 23 11 13 19 18 25 10 2 6 15) 1244.4585000 0.0008036
(15 8 12 21 9 17 22 3 7 20 24 4 14 1 5 16 23 11 13 19 18 25 10 2 6 15) 1244.4585000 0.0008036
(15 8 12 21 9 17 22 3 7 20 24 4 14 1 5 16 23 11 13 19 18 25 10 2 6 15) 1244.4585000 0.0008036
(15 8 12 21 9 17 22 3 7 20 24 4 14 1 5 16 23 11 13 19 18 25 10 2 6 15) 1244.4585000 0.0008036
(15 8 12 21 9 17 22 3 7 20 24 4 14 1 5 16 23 11 13 19 18 25 10 2 6 15) 1244.4585000 0.0008036
(15 8 12 21 9 17 22 3 7 20 24 4 14 1 5 16 23 11 13 19 18 25 10 2 6 15) 1244.4585000 0.0008036
(15 8 12 21 9 17 22 3 7 20 24 4 14 1 5 16 23 11 13 19 18 25 10 2 6 15) 1244.4585000 0.0008036
(15 8 12 21 9 17 22 3 7 20 24 4 14 1 5 16 23 11 13 19 18 25 10 2 6 15) 1244.4585000 0.0008036
(15 8 12 21 9 17 22 3 7 20 24 4 14 1 5 16 23 11 13 19 18 25 10 2 6 15) 1244.4585000 0.0008036
(15 8 12 21 9 17 22 3 7 20 24 4 14 1 5 16 23 11 13 19 18 25 10 2 6 15) 1244.4585000 0.0008036
(15 8 12 21 9 17 22 3 7 20 24 4 14 1 5 16 23 11 13 19 18 25 10 2 6 15) 1244.4585000 0.0008036
(15 8 12 21 9 17 22 3 7 20 24 4 14 1 5 16 23 11 13 19 18 25 10 2 6 15) 1244.4585000 0.0008036
(15 8 12 21 9 17 22 3 7 20 24 4 14 1 5 16 23 11 13 19 18 25 10 2 6 15) 1244.4585000 0.0008036
(15 8 12 21 9 17 22 3 7 20 24 4 14 1 5 16 23 11 13 19 18 25 10 2 6 15) 1244.4585000 0.0008036
(15 8 12 21 9 17 22 3 7 20 24 4 14 1 5 16 23 11 13 19 18 25 10 2 6 15) 1244.4585000 0.0008036
(15 8 12 21 9 17 22 3 7 20 24 4 14 1 5 16 23 11 13 19 18 25 10 2 6 15) 1244.4585000 0.0008036
(15 8 12 21 9 17 22 3 7 20 24 4 14 1 5 16 23 11 13 19 18 25 10 2 6 15) 1244.4585000 0.0008036
(15 8 12 21 9 17 22 3 7 20 24 4 14 1 5 16 23 11 13 19 18 25 10 2 6 15) 1244.4585000 0.0008036
(15 8 12 21 9 17 22 3 7 20 24 4 14 1 5 16 23 11 13 19 18 25 10 2 6 15) 1244.4585000 0.0008036
(15 8 12 21 9 17 22 3 7 20 24 4 14 1 5 16 23 11 13 19 18 25 10 2 6 15) 1244.4585000 0.0008036
(15 8 12 21 9 17 22 3 7 20 24 4 14 1 5 16 23 11 13 19 18 25 10 2 6 15) 1244.4585000 0.0008036
(15 8 12 21 9 17 22 3 7 20 24 4 14 1 5 16 23 11 13 19 18 25 10 2 6 15) 1244.4585000 0.0008036
(15 8 12 21 9 17 22 3 7 20 24 4 14 1 5 16 23 11 13 19 18 25 10 2 6 15) 1244.4585000 0.0008036
(15 8 12 21 9 17 22 3 7 20 24 4 14 1 5 16 23 11 13 19 18 25 10 2 6 15) 1244.4585000 0.0008036
(15 8 12 21 9 17 22 3 7 20 24 4 14 1 5 16 23 11 13 19 18 25 10 2 6 15) 1244.4585000 0.0008036
(15 8 12 21 9 17 22 3 7 20 24 4 14 1 5 16 23 11 13 19 18 25 10 2 6 15) 1244.4585000 0.0008036
(15 8 12 21 9 17 22 3 7 20 24 4 14 1 5 16 23 11 13 19 18 25 10 2 6 15) 1244.4585000 0.0008036
(15 8 12 21 9 17 22 3 7 20 24 4 14 1 5 16 23 11 13 19 18 25 10 2 6 15) 1244.4585000 0.0008036
(15 8 12 21 9 17 22 3 7 20 24 4 14 1 5 16 23 11 13 19 18 25 10 2 6 15) 1244.4585000 0.0008036
(15 8 12 21 9 17 22 3 7 20 24 4 14 1 5 16 23 11 13 19 18 25 10 2 6 15) 1244.4585000 0.0008036
(15 8 12 21 9 17 22 3 7 20 24 4 14 1 5 16 23 11 13 19 18 25 10 2 6 15) 1244.4585000 0.0008036
(15 8 12 21 9 17 22 3 7 20 24 4 14 1 5 16 23 11 13 19 18 25 10 2 6 15) 1244.4585000 0.0008036
(15 8 12 21 9 17 22 3 7 20 24 4 14 1 5 16 23 11 13 19 18 25 10 2 6 15) 1244.4585000 0.0008036
(15 8 12 21 9 17 22 3 7 20 24 4 14 1 5 16 23 11 13 19 18 25 10 2 6 15) 1244.4585000 0.0008036
(15 8 12 21 9 17 22 3 7 20 24 4 14 1 5 16 23 11 13 19 18 25 10 2 6 15) 1244.4585000 0.0008036
(15 8 12 21 9 17 22 3 7 20 24 4 14 1 5 16 23 11 13 19 18 25 10 2 6 15) 1244.4585000 0.0008036
(15 8 12 21 9 17 22 3 7 20 24 4 14 1 5 16 23 11 13 19 18 25 10 2 6 15) 1244.4585000 0.0008036
(15 8 12 21 9 17 22 3 7 20 24 4 14 1 5 16 23 11 13 19 18 25 10 2 6 15) 1244.4585000 0.0008036
(15 8 12 21 9 17 22 3 7 20 24 4 14 1 5 16 23 11 13 19 18 25 10 2 6 15) 1244.4585000 0.0008036
(15 8 12 21 9 17 22 3 7 20 24 4 14 1 5 16 23 11 13 19 18 25 10 2 6 15) 1244.4585000 0.0008036
(15 8 12 21 9 17 22 3 7 20 24 4 14 1 5 16 23 11 13 19 18 25 10 2 6 15) 1244.4585000 0.0008036
(15 8 12 21 9 17 22 3 7 20 24 4 14 1 5 16 23 11 13 19 18 25 10 2 6 15) 1244.4585000 0.0008036
(15 8 12 21 9 17 22 3 7 20 24 4 14 1 5 16 23 11 13 19 18 25 10 2 6 15) 1244.4585000 0.0008036
(15 8 12 21 9 17 22 3 7 20 24 4 14 1 5 16 23 11 13 19 18 25 10 2 6 15) 1244.4585000 0.0008036
(15 8 12 21 9 17 22 3 7 20 24 4 14 1 5 16 23 11 13 19 18 25 10 2 6 15) 1244.4585000 0.0008036
(15 8 12 21 9 17 22 3 7 20 24 4 14 1 5 16 23 11 13 19 18 25 10 2 6 15) 1244.4585000 0.0008036
(15 8 12 21 9 17 22 3 7 20 24 4 14 1 5 16 23 11 13 19 18 25 10 2 6 15) 1244.4585000 0.0008036
(15 8 12 21 9 17 22 3 7 20 24 4 14 1 5 16 23 11 13 19 18 25 10 2 6 15) 1244.4585000 0.0008036
(15 8 12 21 9 17 22 3 7 20 24 4 14 1 5 16 23 11 13 19 18 25 10 2 6 15) 1244.4585000 0.0008036
(15 8 12 21 9 17 22 3 7 20 24 4 14 1 5 16 23 11 13 19 18 25 10 2 6 15) 1244.4585000 0.0008036
(15 8 12 21 9 17 22 3 7 20 24 4 14 1 5 16 23 11 13 19 18 25 10 2 6 15) 1244.4585000 0.0008036
(15 8 12 21 9 17 22 3 7 20 24 4 14 1 5 16 23 11 13 19 18 25 10 2 6 15) 1244.4585000 0.0008036
(15 8 12 21 9 17 22 3 7 20 24 4 14 1 5 16 23 11 13 19 18 25 10 2 6 15) 1244.4585000 0.0008036
(15 8 12 21 9 17 22 3 7 20 24 4 14 1 5 16 23 11 13 19 18 25 10 2 6 15) 1244.4585000 0.0008036
(15 8 12 21 9 17 22 3 7 20 24 4 14 1 5 16 23 11 13 19 18 25 10 2 6 15) 1244.4585000 0.0008036
(15 8 12 21 9 17 22 3 7 20 24 4 14 1 5 16 23 11 13 19 18 25 10 2 6 15) 1244.4585000 0.0008036
(15 8 12 21 19 17 22 3 7 20 24 4 14 1 5 16 23 11 13 9 18 25 10 2 6 15) 1233.6821000 0.0008106
(15 8 12 21 19 17 22 3 7 20 24 4 14 1 5 16 23 11 13 9 18 25 10 2 6 15) 1233.6821000 0.0008106
(15 8 12 21 9 19 17 22 3 7 20 24 4 14 1 5 16 23 11 13 18 25 10 2 6 15) 1210.5261000 0.0008261
(15 8 12 21 9 19 17 22 3 7 20 24 4 14 1 5 16 23 11 13 18 25 10 2 6 15) 1210.5261000 0.0008261
(15 8 12 21 9 19 17 22 3 7 20 24 4 14 1 5 16 23 11 13 18 25 10 2 6 15) 1210.5261000 0.0008261
(15 8 12 21 9 19 17 22 3 7 20 24 4 14 1 5 16 23 11 13 18 25 10 2 6 15) 1210.5261000 0.0008261
(15 8 12 21 9 19 17 22 3 7 20 24 4 14 1 5 16 23 11 13 18 25 10 2 6 15) 1210.5261000 0.0008261
(15 8 12 21 9 19 17 22 3 7 20 24 4 14 1 5 16 23 11 13 18 25 10 2 6 15) 1210.5261000 0.0008261
(15 8 12 21 9 19 17 22 3 7 20 24 4 14 1 5 16 23 11 13 18 25 10 2 6 15) 1210.5261000 0.0008261
(15 8 12 21 9 19 17 22 3 7 20 24 4 14 1 5 16 23 11 13 18 25 10 2 6 15) 1210.5261000 0.0008261
(15 8 12 21 9 19 17 22 3 7 20 24 4 14 1 5 16 23 11 13 18 25 10 2 6 15) 1210.5261000 0.0008261
(15 8 12 21 9 19 17 22 3 7 20 24 4 14 1 5 16 23 11 13 18 25 10 2 6 15) 1210.5261000 0.0008261
(15 8 12 21 9 19 17 22 3 7 20 24 4 14 1 5 16 23 11 13 18 25 10 2 6 15) 1210.5261000 0.0008261
(15 8 12 21 9 19 17 22 3 7 20 24 4 14 1 5 16 23 11 13 18 25 10 2 6 15) 1210.5261000 0.0008261
(15 8 12 21 9 19 17 22 3 7 20 24 4 14 1 5 16 23 11 13 18 25 10 2 6 15) 1210.5261000 0.0008261
(15 8 12 21 9 19 17 22 3 7 20 24 4 14 1 5 16 23 11 13 18 25 10 2 6 15) 1210.5261000 0.0008261
(15 8 12 21 9 19 17 22 3 7 20 24 4 14 1 5 16 23 11 13 18 25 10 2 6 15) 1210.5261000 0.0008261
(15 8 12 21 9 19 17 22 3 7 20 24 4 14 1 5 16 23 11 13 18 25 10 2 6 15) 1210.5261000 0.0008261
(15 8 12 21 9 19 17 22 3 7 20 24 4 14 1 5 16 23 11 13 18 25 10 2 6 15) 1210.5261000 0.0008261
(15 8 12 21 9 19 17 22 3 7 20 24 4 14 1 5 16 23 11 13 18 25 10 2 6 15) 1210.5261000 0.0008261
(15 8 12 21 9 19 17 22 3 7 20 24 4 14 1 5 16 23 11 13 18 25 10 2 6 15) 1210.5261000 0.0008261
(15 8 12 21 9 19 17 22 3 7 20 24 4 14 1 5 16 23 11 13 18 25 10 2 6 15) 1210.5261000 0.0008261
(15 8 12 21 9 19 17 22 3 7 20 24 4 14 1 5 16 23 11 13 18 25 10 2 6 15) 1210.5261000 0.0008261
(15 8 12 21 9 19 17 22 3 7 20 24 4 14 1 5 16 23 11 13 18 25 10 2 6 15) 1210.5261000 0.0008261
(15 8 12 21 9 19 17 22 3 7 20 24 4 14 1 5 16 23 11 13 18 25 10 2 6 15) 1210.5261000 0.0008261
(15 8 12 21 9 19 17 22 3 7 20 24 4 14 1 5 16 23 11 13 18 25 10 2 6 15) 1210.5261000 0.0008261
(15 8 12 21 9 19 17 22 3 7 20 24 4 14 1 5 16 23 11 13 18 25 10 2 6 15) 1210.5261000 0.0008261
(15 8 12 21 9 19 17 22 3 7 20 24 4 14 1 5 16 23 11 13 18 25 10 2 6 15) 1210.5261000 0.0008261
(15 8 12 21 9 19 17 22 3 7 20 24 4 14 1 5 16 23 11 13 18 25 10 2 6 15) 1210.5261000 0.0008261
(15 8 12 21 9 19 17 22 3 7 20 24 4 14 1 5 16 23 11 13 18 25 10 2 6 15) 1210.5261000 0.0008261
(15 8 12 21 9 19 17 22 3 7 20 24 4 14 1 5 16 23 11 13 18 25 10 2 6 15) 1210.5261000 0.0008261
(15 8 12 21 9 19 17 22 3 7 20 24 4 14 1 5 16 23 11 13 18 25 10 2 6 15) 1210.5261000 0.0008261
(15 8 12 21 9 19 17 22 3 7 20 24 4 14 1 5 16 23 11 13 18 25 10 2 6 15) 1210.5261000 0.0008261
(15 8 12 21 9 19 17 22 3 7 20 24 4 14 1 5 16 23 11 13 18 25 10 2 6 15) 1210.5261000 0.0008261
(15 8 12 21 9 19 17 22 3 7 20 24 4 14 1 5 16 23 11 13 18 25 10 2 6 15) 1210.5261000 0.0008261
(15 8 12 21 9 19 17 22 3 7 20 24 4 14 1 5 16 23 11 13 18 25 10 2 6 15) 1210.5261000 0.0008261
(15 8 12 21 9 19 17 22 3 7 20 24 4 14 1 5 16 23 11 13 18 25 10 2 6 15) 1210.5261000 0.0008261
(15 8 12 21 9 19 17 22 3 7 20 24 4 14 1 5 16 23 11 13 18 25 10 2 6 15) 1210.5261000 0.0008261
(15 8 12 21 9 19 17 22 3 7 20 24 4 14 1 5 16 23 11 13 18 25 10 2 6 15) 1210.5261000 0.0008261
(15 8 12 21 9 19 17 22 3 7 20 24 4 14 1 5 16 23 11 13 18 25 10 2 6 15) 1210.5261000 0.0008261
(15 8 12 21 9 19 17 22 3 7 20 24 4 14 1 5 16 23 11 13 18 25 10 2 6 15) 1210.5261000 0.0008261
(15 8 12 21 9 19 17 22 3 7 20 24 4 14 1 5 16 23 11 13 18 25 10 2 6 15) 1210.5261000 0.0008261
(15 8 12 21 9 19 17 22 3 7 20 24 4 14 1 5 16 23 11 13 18 25 10 2 6 15) 1210.5261000 0.0008261
(15 8 12 21 9 19 17 22 3 7 20 24 4 14 1 5 16 23 11 13 18 25 10 2 6 15) 1210.5261000 0.0008261
(15 8 12 21 9 19 17 22 3 7 20 24 4 14 1 5 16 23 11 13 18 25 10 2 6 15) 1210.5261000 0.0008261
(15 8 12 21 9 19 17 22 3 7 20 24 4 14 1 5 16 23 11 13 18 25 10 2 6 15) 1210.5261000 0.0008261
(15 8 12 21 9 19 17 22 3 7 20 24 4 14 1 5 16 23 11 13 18 25 10 2 6 15) 1210.5261000 0.0008261
(15 8 12 21 9 19 17 22 3 7 20 24 4 14 1 5 16 23 11 13 18 25 10 2 6 15) 1210.5261000 0.0008261
(15 8 12 21 9 19 17 22 3 7 20 24 4 14 1 5 16 23 11 13 18 25 10 2 6 15) 1210.5261000 0.0008261
(15 8 12 21 9 19 17 22 3 7 20 24 4 14 1 5 16 23 11 13 18 25 10 2 6 15) 1210.5261000 0.0008261
(15 8 12 21 9 19 17 22 3 7 20 24 4 14 1 5 16 23 11 13 18 25 10 2 6 15) 1210.5261000 0.0008261
(15 8 12 21 9 19 17 22 3 7 20 24 4 14 1 5 16 23 11 13 18 25 10 2 6 15) 1210.5261000 0.0008261
(15 8 12 21 9 19 17 22 3 7 20 24 4 14 1 5 16 23 11 13 18 25 10 2 6 15) 1210.5261000 0.0008261
(15 8 12 21 9 19 17 22 3 7 20 24 4 14 1 5 16 23 11 13 18 25 10 2 6 15) 1210.5261000 0.0008261
(15 8 12 21 9 19 17 22 3 7 20 24 4 14 1 5 16 23 11 13 18 25 10 2 6 15) 1210.5261000 0.0008261
(15 8 12 21 9 19 17 22 3 7 20 24 4 14 1 5 16 23 11 13 18 25 10 2 6 15) 1210.5261000 0.0008261
(15 8 12 21 9 19 17 22 3 7 20 24 4 14 1 5 16 23 11 13 18 25 10 2 6 15) 1210.5261000 0.0008261
(15 8 12 21 9 19 17 22 3 7 20 24 4 14 1 5 16 23 11 13 18 25 10 2 6 15) 1210.5261000 0.0008261
(15 8 12 21 9 19 17 22 3 7 20 24 4 14 1 5 16 23 11 13 18 25 10 2 6 15) 1210.5261000 0.0008261
(15 8 12 21 9 19 17 22 3 7 20 24 4 14 1 5 16 23 11 13 18 25 10 2 6 15) 1210.5261000 0.0008261
(15 8 12 21 9 19 17 22 3 7 20 24 4 14 1 5 16 23 11 13 18 25 10 2 6 15) 1210.5261000 0.0008261
(15 8 12 21 9 19 17 22 3 7 20 24 4 14 1 5 16 23 11 13 18 25 10 2 6 15) 1210.5261000 0.0008261
(15 8 12 21 9 19 17 22 3 7 20 24 4 14 1 5 16 23 11 13 18 25 10 2 6 15) 1210.5261000 0.0008261
(15 8 12 21 9 19 17 22 3 7 20 24 4 14 1 5 16 23 11 13 18 25 10 2 6 15) 1210.5261000 0.0008261
(15 8 12 21 9 19 17 22 3 7 20 24 4 14 1 5 16 23 11 13 18 25 10 2 6 15) 1210.5261000 0.0008261
(15 8 12 21 9 19 17 22 3 7 20 24 4 14 1 5 16 23 11 13 18 25 10 2 6 15) 1210.5261000 0.0008261
(15 8 12 21 9 19 17 22 3 7 20 24 4 14 1 5 16 23 11 13 18 25 10 2 6 15) 1210.5261000 0.0008261
(15 8 12 21 9 19 17 22 3 7 20 24 4 14 1 5 16 23 11 13 18 25 10 2 6 15) 1210.5261000 0.0008261
(15 8 12 21 9 19 17 22 3 7 20 24 4 14 1 5 16 23 11 13 18 25 10 2 6 15) 1210.5261000 0.0008261
(15 8 12 21 9 19 17 22 3 7 20 24 4 14 1 5 16 23 11 13 18 25 10 2 6 15) 1210.5261000 0.0008261
(15 8 12 21 9 19 17 22 3 7 20 24 4 14 1 5 16 23 11 13 18 25 10 2 6 15) 1210.5261000 0.0008261
(15 8 12 21 9 19 17 22 3 7 20 24 4 14 1 5 16 23 11 13 18 25 10 2 6 15) 1210.5261000 0.0008261
(15 8 12 21 9 19 17 22 3 7 20 24 4 14 1 5 16 23 11 13 18 25 10 2 6 15) 1210.5261000 0.0008261
(15 8 12 21 9 19 17 22 3 7 20 24 4 14 1 5 16 23 11 13 18 25 10 2 6 15) 1210.5261000 0.0008261
(15 8 12 21 9 19 17 22 3 7 20 24 4 14 1 5 16 23 11 13 18 25 10 2 6 15) 1210.5261000 0.0008261
(15 8 12 21 9 19 17 22 3 7 20 24 4 14 1 5 16 23 11 13 18 25 10 2 6 15) 1210.5261000 0.0008261
(15 8 12 21 9 19 17 22 3 7 20 24 4 14 1 5 16 23 11 13 18 25 10 2 6 15) 1210.5261000 0.0008261
(15 8 12 21 9 19 17 22 3 7 20 24 4 14 1 5 16 23 11 13 18 25 10 2 6 15) 1210.5261000 0.0008261
(15 8 12 21 9 19 17 22 3 7 20 24 4 14 1 5 16 23 11 13 18 25 10 2 6 15) 1210.5261000 0.0008261
(15 8 12 21 9 19 17 22 3 7 20 24 4 14 1 5 16 23 11 13 18 25 10 2 6 15) 1210.5261000 0.0008261
(15 8 12 21 9 19 17 22 3 7 20 24 4 14 1 5 16 23 11 13 18 25 10 2 6 15) 1210.5261000 0.0008261
(15 8 12 21 9 19 17 22 3 7 20 24 4 14 1 5 16 23 11 13 18 25 10 2 6 15) 1210.5261000 0.0008261
(15 8 12 21 9 19 17 22 3 7 20 24 4 14 1 5 16 23 11 13 18 25 10 2 6 15) 1210.5261000 0.0008261
(15 8 12 21 9 19 17 22 3 7 20 24 4 14 1 5 16 23 11 13 18 25 10 2 6 15) 1210.5261000 0.0008261
(15 8 12 21 9 19 17 22 3 7 20 24 4 14 1 5 16 23 11 13 18 25 10 2 6 15) 1210.5261000 0.0008261
(15 8 12 21 9 19 17 22 3 7 20 24 4 14 1 5 16 23 11 13 18 25 10 2 6 15) 1210.5261000 0.0008261
(15 8 12 21 9 19 17 22 3 7 20 24 4 14 1 5 16 23 11 13 18 25 10 2 6 15) 1210.5261000 0.0008261
(15 8 12 21 9 19 17 22 3 7 20 24 4 14 1 5 16 23 11 13 18 25 10 2 6 15) 1210.5261000 0.0008261
(15 8 12 21 9 19 17 22 3 7 20 24 4 14 1 5 16 23 11 13 18 25 10 2 6 15) 1210.5261000 0.0008261
(15 8 12 21 9 19 17 22 3 7 20 24 4 14 1 5 16 23 11 13 18 25 10 2 6 15) 1210.5261000 0.0008261
(15 8 12 21 9 19 17 22 3 7 20 24 4 14 1 5 16 23 11 13 18 25 10 2 6 15) 1210.5261000 0.0008261
(15 8 12 21 9 19 17 22 3 7 20 24 4 14 1 5 16 23 11 13 18 25 10 2 6 15) 1210.5261000 0.0008261
(15 8 12 21 9 19 17 22 3 7 20 24 4 14 1 5 16 23 11 13 18 25 10 2 6 15) 1210.5261000 0.0008261
(15 8 12 21 9 19 17 22 3 7 20 24 4 14 1 5 16 23 11 13 18 25 10 2 6 15) 1210.5261000 0.0008261
(15 8 12 21 9 19 17 22 3 7 20 24 4 14 1 5 16 23 11 13 18 25 10 2 6 15) 1210.5261000 0.0008261
(15 8 12 21 9 19 17 22 3 7 20 24 4 14 1 5 16 23 11 13 18 25 10 2 6 15) 1210.5261000 0.0008261
(15 8 12 21 9 19 17 22 3 7 20 24 4 14 1 5 16 23 11 13 18 25 10 2 6 15) 1210.5261000 0.0008261
(15 8 12 21 9 19 17 22 3 7 20 24 4 14 1 5 16 23 11 13 18 25 10 2 6 15) 1210.5261000 0.0008261
(15 8 12 21 9 19 17 22 3 7 20 24 4 14 1 5 16 23 11 13 18 25 10 2 6 15) 1210.5261000 0.0008261
(15 8 12 21 9 19 17 22 3 7 20 24 4 14 1 5 16 23 11 13 18 25 10 2 6 15) 1210.5261000 0.0008261
(15 8 12 21 9 19 17 22 3 7 20 24 4 14 1 5 16 23 11 13 18 25 10 2 6 15) 1210.5261000 0.0008261
(15 8 12 21 9 19 17 22 3 7 20 24 4 14 1 5 16 23 11 13 18 25 10 2 6 15) 1210.5261000 0.0008261
(15 8 12 21 9 19 17 22 3 7 20 24 4 14 1 5 16 23 11 13 18 25 10 2 6 15) 1210.5261000 0.0008261
(15 8 12 21 9 19 17 22 3 7 20 24 4 14 1 5 16 23 11 13 18 25 10 2 6 15) 1210.5261000 0.0008261
(15 8 12 21 9 19 17 22 3 7 20 24 4 14 1 5 16 23 11 13 18 25 10 2 6 15) 1210.5261000 0.0008261
(15 8 12 21 9 19 17 22 3 7 20 24 4 14 1 5 16 23 11 13 18 25 10 2 6 15) 1210.5261000 0.0008261
(15 8 12 21 9 19 17 22 3 7 20 24 4 14 1 5 16 23 11 13 18 25 10 2 6 15) 1210.5261000 0.0008261
(15 8 12 21 9 19 17 22 3 7 20 24 4 14 1 5 16 23 11 13 18 25 10 2 6 15) 1210.5261000 0.0008261
(15 8 12 21 9 19 17 22 3 7 20 24 4 14 1 5 16 23 11 13 18 25 10 2 6 15) 1210.5261000 0.0008261
(15 8 12 21 9 19 17 22 3 7 20 24 4 14 1 5 16 23 11 13 18 25 10 2 6 15) 1210.5261000 0.0008261
(15 8 12 21 9 19 17 22 3 7 20 24 4 14 1 5 16 23 11 13 18 25 10 2 6 15) 1210.5261000 0.0008261
(15 8 12 21 9 19 17 22 3 7 20 24 4 14 1 5 16 23 11 13 18 25 10 2 6 15) 1210.5261000 0.0008261
(15 8 12 21 9 19 17 22 3 7 20 24 4 14 1 5 16 23 11 13 18 25 10 2 6 15) 1210.5261000 0.0008261
(15 8 12 21 9 19 17 22 3 7 20 24 4 14 1 5 16 23 11 13 18 25 10 2 6 15) 1210.5261000 0.0008261
(15 8 12 21 9 19 17 22 3 7 20 24 4 14 1 5 16 23 11 13 18 25 10 2 6 15) 1210.5261000 0.0008261
(15 8 12 21 9 19 17 22 3 7 20 24 4 14 1 5 16 23 11 13 18 25 10 2 6 15) 1210.5261000 0.0008261
(15 8 12 21 9 19 17 22 3 7 20 24 4 14 1 5 16 23 11 13 18 25 10 2 6 15) 1210.5261000 0.0008261
(15 8 12 21 9 19 17 22 3 7 20 24 4 14 1 5 16 23 11 13 18 25 10 2 6 15) 1210.5261000 0.0008261
(15 8 12 21 9 19 17 22 3 7 20 24 4 14 1 5 16 23 11 13 18 25 10 2 6 15) 1210.5261000 0.0008261
(15 8 12 21 9 19 17 22 3 7 20 24 4 14 1 5 16 23 11 13 18 25 10 2 6 15) 1210.5261000 0.0008261
(15 8 12 21 9 19 17 22 3 7 20 24 4 14 1 5 16 23 11 13 18 25 10 2 6 15) 1210.5261000 0.0008261
(15 8 12 21 9 19 17 22 3 7 20 24 4 14 1 5 16 23 11 13 18 25 10 2 6 15) 1210.5261000 0.0008261
(15 8 12 21 9 19 17 22 3 7 20 24 4 14 1 5 16 23 11 13 18 25 10 2 6 15) 1210.5261000 0.0008261
(15 8 12 21 9 19 17 22 3 7 20 24 4 14 1 5 16 23 11 13 18 25 10 2 6 15) 1210.5261000 0.0008261
(15 8 12 21 9 19 17 22 3 7 20 24 4 14 1 5 16 23 11 13 18 25 10 2 6 15) 1210.5261000 0.0008261
(15 8 12 21 9 19 17 22 3 7 20 24 4 14 1 5 16 23 11 13 18 25 10 2 6 15) 1210.5261000 0.0008261
(15 8 12 21 9 19 17 22 3 7 20 24 4 14 1 5 16 23 11 13 18 25 10 2 6 15) 1210.5261000 0.0008261
(15 8 12 21 9 19 17 22 3 7 20 24 4 14 1 5 16 23 11 13 18 25 10 2 6 15) 1210.5261000 0.0008261
(15 8 12 21 9 19 17 22 3 7 20 24 4 14 1 5 16 23 11 13 18 25 10 2 6 15) 1210.5261000 0.0008261
(15 8 12 21 9 19 17 22 3 7 20 24 4 14 1 5 16 23 11 13 18 25 10 2 6 15) 1210.5261000 0.0008261
(15 8 12 21 9 19 17 22 3 7 20 24 4 14 1 5 16 23 11 13 18 25 10 2 6 15) 1210.5261000 0.0008261
(15 8 12 21 9 19 17 22 3 7 20 24 4 14 1 5 16 23 11 13 18 25 10 2 6 15) 1210.5261000 0.0008261
(15 8 12 21 9 19 17 22 3 7 20 24 4 14 1 5 16 23 11 13 18 25 10 2 6 15) 1210.5261000 0.0008261
(15 8 12 21 9 19 17 22 3 7 20 24 4 14 1 5 16 23 11 13 18 25 10 2 6 15) 1210.5261000 0.0008261
(15 8 12 21 9 19 17 22 3 7 20 24 4 14 1 5 16 23 11 13 18 25 10 2 6 15) 1210.5261000 0.0008261
(15 8 12 21 9 19 17 22 3 7 20 24 4 14 1 5 16 23 11 13 18 25 10 2 6 15) 1210.5261000 0.0008261
(15 8 12 21 9 19 17 22 3 7 20 24 4 14 1 5 16 23 11 13 18 25 10 2 6 15) 1210.5261000 0.0008261
(15 8 12 21 9 19 17 22 3 7 20 24 4 14 1 5 16 23 11 13 18 25 10 2 6 15) 1210.5261000 0.0008261
(15 8 12 21 9 19 17 22 3 7 20 24 4 14 1 5 16 23 11 13 18 25 10 2 6 15) 1210.5261000 0.0008261
(15 8 12 21 9 19 17 22 3 7 20 24 4 14 1 5 16 23 11 13 18 25 10 2 6 15) 1210.5261000 0.0008261
(15 8 12 21 9 19 17 22 3 7 20 24 4 14 1 5 16 23 11 13 18 25 10 2 6 15) 1210.5261000 0.0008261
(15 8 12 21 9 19 17 22 3 7 20 24 4 14 1 5 16 23 11 13 18 25 10 2 6 15) 1210.5261000 0.0008261
(15 8 12 21 9 19 17 22 3 7 20 24 4 14 1 5 16 23 11 13 18 25 10 2 6 15) 1210.5261000 0.0008261
(15 8 12 21 9 19 17 22 3 7 20 24 4 14 1 5 16 23 11 13 18 25 10 2 6 15) 1210.5261000 0.0008261
(15 8 12 21 9 19 17 22 3 7 20 24 4 14 1 5 16 23 11 13 18 25 10 2 6 15) 1210.5261000 0.0008261
(15 8 12 21 9 19 17 22 3 7 20 24 4 14 1 5 16 23 11 13 18 25 10 2 6 15) 1210.5261000 0.0008261
(15 8 12 21 9 19 17 22 3 7 20 24 4 14 1 5 16 23 11 13 18 25 10 2 6 15) 1210.5261000 0.0008261
(15 8 12 21 9 19 17 22 3 7 20 24 4 14 1 5 16 23 11 13 18 25 10 2 6 15) 1210.5261000 0.0008261
(15 8 12 21 9 19 17 22 3 7 20 24 4 14 1 5 16 23 11 13 18 25 10 2 6 15) 1210.5261000 0.0008261
(15 8 12 21 9 19 17 22 3 7 20 24 4 14 1 5 16 23 11 13 18 25 10 2 6 15) 1210.5261000 0.0008261
(15 8 12 21 9 19 17 22 3 7 20 24 4 14 1 5 16 23 11 13 18 25 10 2 6 15) 1210.5261000 0.0008261
(15 8 12 21 9 19 17 22 3 7 20 24 4 14 1 5 16 23 11 13 18 25 10 2 6 15) 1210.5261000 0.0008261
(15 8 12 21 9 19 17 22 3 7 20 24 4 14 1 5 16 23 11 13 18 25 10 2 6 15) 1210.5261000 0.0008261
(15 8 12 21 9 19 17 22 3 7 20 24 4 14 1 5 16 23 11 13 18 25 10 2 6 15) 1210.5261000 0.0008261
(15 8 12 21 9 19 17 22 3 7 20 24 4 14 1 5 16 23 11 13 18 25 10 2 6 15) 1210.5261000 0.0008261
(15 8 12 21 9 19 17 22 3 7 20 24 4 14 1 5 16 23 11 13 18 25 10 2 6 15) 1210.5261000 0.0008261
(15 8 12 21 9 19 17 22 3 7 20 24 4 14 1 5 16 23 11 13 18 25 10 2 6 15) 1210.5261000 0.0008261
(15 8 12 21 9 19 17 22 3 7 20 24 4 14 1 5 16 23 11 13 18 25 10 2 6 15) 1210.5261000 0.0008261
(15 8 12 21 9 19 17 22 3 7 20 24 4 14 1 5 16 23 11 13 18 25 10 2 6 15) 1210.5261000 0.0008261
(15 8 12 21 9 19 17 22 3 7 20 24 4 14 1 5 16 23 11 13 18 25 10 2 6 15) 1210.5261000 0.0008261
(15 8 12 21 9 19 17 22 3 7 20 24 4 14 1 5 16 23 11 13 18 25 10 2 6 15) 1210.5261000 0.0008261
(15 8 12 21 9 19 17 22 3 7 20 24 4 14 1 5 16 23 11 13 18 25 10 2 6 15) 1210.5261000 0.0008261
(15 8 12 21 9 19 17 22 3 7 20 24 4 14 1 5 16 23 11 13 18 25 10 2 6 15) 1210.5261000 0.0008261
(15 8 12 21 9 19 17 22 3 7 20 24 4 14 1 5 16 23 11 13 18 25 10 2 6 15) 1210.5261000 0.0008261
(15 8 12 21 9 19 17 22 3 7 20 24 4 14 1 5 16 23 11 13 18 25 10 2 6 15) 1210.5261000 0.0008261
(15 8 12 21 9 19 17 22 3 7 20 24 4 14 1 5 16 23 11 13 18 25 10 2 6 15) 1210.5261000 0.0008261
(15 8 12 21 9 19 17 22 3 7 20 24 4 14 1 5 16 23 11 13 18 25 10 2 6 15) 1210.5261000 0.0008261
(15 8 12 21 9 19 17 22 3 7 20 24 4 14 1 5 16 23 11 13 18 25 10 2 6 15) 1210.5261000 0.0008261
(15 8 12 21 9 19 17 22 3 7 20 24 4 14 1 5 16 23 11 13 18 25 10 2 6 15) 1210.5261000 0.0008261
(15 8 12 21 9 19 17 22 3 7 20 24 4 14 1 5 16 23 11 13 18 25 10 2 6 15) 1210.5261000 0.0008261
(15 8 12 21 9 19 17 22 3 7 20 24 4 14 1 5 16 23 11 13 18 25 10 2 6 15) 1210.5261000 0.0008261
(15 8 12 21 9 19 17 22 3 7 20 24 4 14 1 5 16 23 11 13 18 25 10 2 6 15) 1210.5261000 0.0008261
(15 8 12 21 9 19 17 22 3 7 20 24 4 14 1 5 16 23 11 13 18 25 10 2 6 15) 1210.5261000 0.0008261
(15 8 12 21 9 19 17 22 3 7 20 24 4 14 1 5 16 23 11 13 18 25 10 2 6 15) 1210.5261000 0.0008261
(15 8 12 21 9 19 17 22 3 7 20 24 4 14 1 5 16 23 11 13 18 25 10 2 6 15) 1210.5261000 0.0008261
(15 8 12 21 9 19 17 22 3 7 20 24 4 14 1 5 16 23 11 13 18 25 10 2 6 15) 1210.5261000 0.0008261
(15 8 12 21 9 19 17 22 3 7 20 24 4 14 1 5 16 23 11 13 18 25 10 2 6 15) 1210.5261000 0.0008261
(15 8 12 21 9 19 17 22 3 7 20 24 4 14 1 5 16 23 11 13 18 25 10 2 6 15) 1210.5261000 0.0008261
(15 8 12 21 9 19 17 22 3 7 20 24 4 14 1 5 16 23 11 13 18 25 10 2 6 15) 1210.5261000 0.0008261
(15 8 12 21 9 19 17 22 3 7 20 24 4 14 1 5 16 23 11 13 18 25 10 2 6 15) 1210.5261000 0.0008261
(15 8 12 21 9 19 17 22 3 7 20 24 4 14 1 5 16 23 11 13 18 25 10 2 6 15) 1210.5261000 0.0008261
(15 8 12 21 9 19 17 22 3 7 20 24 4 14 1 5 16 23 11 13 18 25 10 2 6 15) 1210.5261000 0.0008261
(15 8 12 21 9 19 17 22 3 7 20 24 4 14 1 5 16 23 11 13 18 25 10 2 6 15) 1210.5261000 0.0008261
(15 8 12 21 9 19 17 22 3 7 20 24 4 14 1 5 16 23 11 13 18 25 10 2 6 15) 1210.5261000 0.0008261
(15 8 12 21 9 19 17 22 3 7 20 24 4 14 1 5 16 23 11 13 18 25 10 2 6 15) 1210.5261000 0.0008261
(15 8 12 21 9 19 17 22 3 7 20 24 4 14 1 5 16 23 11 13 18 25 10 2 6 15) 1210.5261000 0.0008261
(15 8 12 21 9 19 17 22 3 7 20 24 4 14 1 5 16 23 11 13 18 25 10 2 6 15) 1210.5261000 0.0008261
(15 8 12 21 9 19 17 22 3 7 20 24 4 14 1 5 16 23 11 13 18 25 10 2 6 15) 1210.5261000 0.0008261
(15 8 12 21 9 19 17 22 3 7 20 24 4 14 1 5 16 23 11 13 18 25 10 2 6 15) 1210.5261000 0.0008261
(15 8 12 21 9 19 17 22 3 7 20 24 4 14 1 5 16 23 11 13 18 25 10 2 6 15) 1210.5261000 0.0008261
(15 8 12 21 9 19 17 22 3 7 20 24 4 14 1 5 16 23 11 13 18 25 10 2 6 15) 1210.5261000 0.0008261
(15 8 12 21 9 19 17 22 3 7 20 24 4 14 1 5 16 23 11 13 18 25 10 2 6 15) 1210.5261000 0.0008261
(15 8 12 21 9 19 17 22 3 7 20 24 4 14 1 5 16 23 11 13 18 25 10 2 6 15) 1210.5261000 0.0008261
(15 8 12 21 9 19 17 22 3 7 20 24 4 14 1 5 16 23 11 13 18 25 10 2 6 15) 1210.5261000 0.0008261
(15 8 12 21 9 19 17 22 3 7 20 24 4 14 1 5 16 23 11 13 18 25 10 2 6 15) 1210.5261000 0.0008261
(15 8 12 21 9 19 17 22 3 7 20 24 4 14 1 5 16 23 11 13 18 25 10 2 6 15) 1210.5261000 0.0008261
(15 8 12 21 9 19 17 22 3 7 20 24 4 14 1 5 16 23 11 13 18 25 10 2 6 15) 1210.5261000 0.0008261
(15 8 12 21 9 19 17 22 3 7 20 24 4 14 1 5 16 23 11 13 18 25 10 2 6 15) 1210.5261000 0.0008261
(15 8 12 21 9 19 17 22 3 7 20 24 4 14 1 5 16 23 11 13 18 25 10 2 6 15) 1210.5261000 0.0008261
(15 8 12 21 9 19 17 22 3 7 20 24 4 14 1 5 16 23 11 13 18 25 10 2 6 15) 1210.5261000 0.0008261
(15 8 12 21 9 19 17 22 3 7 20 24 4 14 1 5 16 23 11 13 18 25 10 2 6 15) 1210.5261000 0.0008261
(15 8 12 21 9 19 17 22 3 7 20 24 4 14 1 5 16 23 11 13 18 25 10 2 6 15) 1210.5261000 0.0008261
(15 8 12 21 9 19 17 22 3 7 20 24 4 14 1 5 16 23 11 13 18 25 10 2 6 15) 1210.5261000 0.0008261
(15 8 12 21 9 19 17 22 3 7 20 24 4 14 1 5 16 23 11 13 18 25 10 2 6 15) 1210.5261000 0.0008261
(15 8 12 21 9 19 17 22 3 7 20 24 4 14 1 5 16 23 11 13 18 25 10 2 6 15) 1210.5261000 0.0008261
(15 8 12 21 9 19 17 22 3 7 20 24 4 14 1 5 16 23 11 13 18 25 10 2 6 15) 1210.5261000 0.0008261
(15 8 12 21 9 19 17 22 3 7 20 24 4 14 1 5 16 23 11 13 18 25 10 2 6 15) 1210.5261000 0.0008261
(15 8 12 21 9 19 17 22 3 7 20 24 4 14 1 5 16 23 11 13 18 25 10 2 6 15) 1210.5261000 0.0008261
(15 8 12 21 9 19 17 22 3 7 20 24 4 14 1 5 16 23 11 13 18 25 10 2 6 15) 1210.5261000 0.0008261
(15 8 12 21 9 19 17 22 3 7 20 24 4 14 1 5 16 23 11 13 18 25 10 2 6 15) 1210.5261000 0.0008261
(15 8 12 21 9 19 17 22 3 7 20 24 4 14 1 5 16 23 11 13 18 25 10 2 6 15) 1210.5261000 0.0008261
(15 8 12 21 9 19 17 22 3 7 20 24 4 14 1 5 16 23 11 13 18 25 10 2 6 15) 1210.5261000 0.0008261
(15 8 12 21 9 19 17 22 3 7 20 24 4 14 1 5 16 23 11 13 18 25 10 2 6 15) 1210.5261000 0.0008261
(15 8 12 21 9 19 17 22 3 7 20 24 4 14 1 5 16 23 11 13 18 25 10 2 6 15) 1210.5261000 0.0008261
(15 8 12 21 9 19 17 22 3 7 20 24 4 14 1 5 16 23 11 13 18 25 10 2 6 15) 1210.5261000 0.0008261
(15 8 12 21 9 19 17 22 3 7 20 24 4 14 1 5 16 23 11 13 18 25 10 2 6 15) 1210.5261000 0.0008261
(15 8 12 21 9 19 17 22 3 7 20 24 4 14 1 5 16 23 11 13 18 25 10 2 6 15) 1210.5261000 0.0008261
(15 8 12 21 9 19 17 22 3 7 20 24 4 14 1 5 16 23 11 13 18 25 10 2 6 15) 1210.5261000 0.0008261
(15 8 12 21 9 19 17 22 3 7 20 24 4 14 1 5 16 23 11 13 18 25 10 2 6 15) 1210.5261000 0.0008261
(15 8 12 21 9 19 17 22 3 7 20 24 4 14 1 5 16 23 11 13 18 25 10 2 6 15) 1210.5261000 0.0008261
(15 8 12 21 9 19 17 22 3 7 20 24 4 14 1 5 16 23 11 13 18 25 10 2 6 15) 1210.5261000 0.0008261
(15 8 12 21 9 19 17 22 3 7 20 24 4 14 1 5 16 23 11 13 18 25 10 2 6 15) 1210.5261000 0.0008261
(15 8 12 21 9 19 17 22 3 7 20 24 4 14 1 5 16 23 11 13 18 25 10 2 6 15) 1210.5261000 0.0008261
(15 8 12 21 9 19 17 22 3 7 20 24 4 14 1 5 16 23 11 13 18 25 10 2 6 15) 1210.5261000 0.0008261
(15 8 12 21 9 19 17 22 3 7 20 24 4 14 1 5 16 23 11 13 18 25 10 2 6 15) 1210.5261000 0.0008261
(15 8 12 21 9 19 17 22 3 7 20 24 4 14 1 5 16 23 11 13 18 25 10 2 6 15) 1210.5261000 0.0008261
(15 8 12 21 9 19 17 22 3 7 20 24 4 14 1 5 16 23 11 13 18 25 10 2 6 15) 1210.5261000 0.0008261
(15 8 12 21 9 19 17 22 3 7 20 24 4 14 1 5 16 23 11 13 18 25 10 2 6 15) 1210.5261000 0.0008261
(15 8 12 21 9 19 17 22 3 7 20 24 4 14 1 5 16 23 11 13 18 25 10 2 6 15) 1210.5261000 0.0008261
(15 8 12 21 9 19 17 22 3 7 20 24 4 14 1 5 16 23 11 13 18 25 10 2 6 15) 1210.5261000 0.0008261
(15 8 12 21 9 19 17 22 3 7 20 24 4 14 1 5 16 23 11 13 18 25 10 2 6 15) 1210.5261000 0.0008261
(15 8 12 21 9 19 17 22 3 7 20 24 4 14 1 5 16 23 11 13 18 25 10 2 6 15) 1210.5261000 0.0008261
(15 8 12 21 9 19 17 22 3 7 20 24 4 14 1 5 16 23 11 13 18 25 10 2 6 15) 1210.5261000 0.0008261
(15 8 12 21 9 19 17 22 3 7 20 24 4 14 1 5 16 23 11 13 18 25 10 2 6 15) 1210.5261000 0.0008261
(15 8 12 21 9 19 17 22 3 7 20 24 4 14 1 5 16 23 11 13 18 25 10 2 6 15) 1210.5261000 0.0008261
(15 8 12 21 9 19 17 22 3 7 20 24 4 14 1 5 16 23 11 13 18 25 10 2 6 15) 1210.5261000 0.0008261
(15 8 12 21 9 19 17 22 3 7 20 24 4 14 1 5 16 23 11 13 18 25 10 2 6 15) 1210.5261000 0.0008261
(15 8 12 21 9 19 17 22 3 7 20 24 4 14 1 5 16 23 11 13 18 25 10 2 6 15) 1210.5261000 0.0008261
(15 8 12 21 9 19 17 22 3 7 20 24 4 14 1 5 16 23 11 13 18 25 10 2 6 15) 1210.5261000 0.0008261
(15 8 12 21 9 19 17 22 3 7 20 24 4 14 1 5 16 23 11 13 18 25 10 2 6 15) 1210.5261000 0.0008261
(15 8 12 21 9 19 17 22 3 7 20 24 4 14 1 5 16 23 11 13 18 25 10 2 6 15) 1210.5261000 0.0008261
(15 8 12 21 9 19 17 22 3 7 20 24 4 14 1 5 16 23 11 13 18 25 10 2 6 15) 1210.5261000 0.0008261
(15 8 12 21 9 19 17 22 3 7 20 24 4 14 1 5 16 23 11 13 18 25 10 2 6 15) 1210.5261000 0.0008261
(15 8 12 21 9 19 17 22 3 7 20 24 4 14 1 5 16 23 11 13 18 25 10 2 6 15) 1210.5261000 0.0008261
(15 8 12 21 9 19 17 22 3 7 20 24 4 14 1 5 16 23 11 13 18 25 10 2 6 15) 1210.5261000 0.0008261
(15 8 12 21 9 19 17 22 3 7 20 24 4 14 1 5 16 23 11 13 18 25 10 2 6 15) 1210.5261000 0.0008261
(15 8 12 21 9 19 17 22 3 7 20 24 4 14 1 5 16 23 11 13 18 25 10 2 6 15) 1210.5261000 0.0008261
(15 8 12 21 9 19 17 22 3 7 20 24 4 14 1 5 16 23 11 13 18 25 10 2 6 15) 1210.5261000 0.0008261
(15 8 12 21 9 19 17 22 3 7 20 24 4 14 1 5 16 23 11 13 18 25 10 2 6 15) 1210.5261000 0.0008261
(15 8 12 21 9 19 17 22 3 7 20 24 4 14 1 5 16 23 11 13 18 25 10 2 6 15) 1210.5261000 0.0008261
(15 8 12 21 9 19 17 22 3 7 20 24 4 14 1 5 16 23 11 13 18 25 10 2 6 15) 1210.5261000 0.0008261
(15 8 12 21 9 19 17 22 3 7 20 24 4 14 1 5 16 23 11 13 18 25 10 2 6 15) 1210.5261000 0.0008261
(15 8 12 21 9 19 3 22 17 7 20 24 4 14 1 5 16 23 11 13 18 25 10 2 6 15) 1179.6862000 0.0008477
(15 8 12 21 9 19 3 22 17 7 20 24 4 14 1 5 16 23 11 13 18 25 10 2 6 15) 1179.6862000 0.0008477
(15 8 12 21 9 19 3 22 17 7 20 24 4 14 1 5 16 23 11 13 18 25 10 2 6 15) 1179.6862000 0.0008477
(15 8 12 21 19 9 3 22 17 7 20 24 4 14 1 5 16 23 11 13 18 25 10 2 6 15) 1168.6453000 0.0008557
(15 8 12 21 19 9 3 22 17 7 20 24 4 14 1 5 16 23 11 13 18 25 10 2 6 15) 1168.6453000 0.0008557
(15 8 12 21 19 9 3 22 17 7 20 24 4 14 1 5 16 23 11 13 18 25 10 2 6 15) 1168.6453000 0.0008557
(15 8 12 21 19 9 3 22 17 7 20 24 4 14 1 5 16 23 11 13 18 25 10 2 6 15) 1168.6453000 0.0008557
(15 8 12 21 19 9 3 22 17 7 20 24 4 14 1 5 16 23 11 13 18 25 10 2 6 15) 1168.6453000 0.0008557
(15 8 12 21 19 9 3 22 17 7 20 24 4 14 1 5 16 23 11 13 18 25 10 2 6 15) 1168.6453000 0.0008557
(15 8 12 21 19 9 3 22 17 7 20 24 4 14 1 5 16 23 11 13 18 25 10 2 6 15) 1168.6453000 0.0008557
(15 8 12 21 19 9 3 22 17 7 20 24 4 14 1 5 16 23 11 13 18 25 10 2 6 15) 1168.6453000 0.0008557
(15 8 12 21 19 9 3 22 17 7 20 24 4 14 1 5 16 23 11 13 18 25 10 2 6 15) 1168.6453000 0.0008557
(15 8 12 21 19 9 3 22 17 7 20 24 4 14 1 5 16 23 11 13 18 25 10 2 6 15) 1168.6453000 0.0008557
(15 8 12 21 19 9 3 22 17 7 20 24 4 14 1 5 16 23 11 13 18 25 10 2 6 15) 1168.6453000 0.0008557
(15 8 12 21 19 9 3 22 17 7 20 24 4 14 1 5 16 23 11 13 18 25 10 2 6 15) 1168.6453000 0.0008557
(15 8 12 21 19 9 3 22 17 7 20 24 4 14 1 5 16 23 11 13 18 25 10 2 6 15) 1168.6453000 0.0008557
(15 8 12 21 19 9 3 22 17 7 20 24 4 14 1 5 16 23 11 13 18 25 10 2 6 15) 1168.6453000 0.0008557
(15 8 12 21 19 9 3 22 17 7 20 24 4 14 1 5 16 23 11 13 18 25 10 2 6 15) 1168.6453000 0.0008557
(15 8 12 21 19 9 3 22 17 7 20 24 4 14 1 5 16 23 11 13 18 25 10 2 6 15) 1168.6453000 0.0008557
(15 8 12 21 19 9 3 22 17 7 20 24 4 14 1 5 16 23 11 13 18 25 10 2 6 15) 1168.6453000 0.0008557
(15 8 12 21 19 9 3 22 17 7 20 24 4 14 1 5 16 23 11 13 18 25 10 2 6 15) 1168.6453000 0.0008557
(15 8 12 21 19 9 3 22 17 7 20 24 4 14 1 5 16 23 11 13 18 25 10 2 6 15) 1168.6453000 0.0008557
(15 8 12 21 19 9 3 22 17 7 20 24 4 14 1 5 16 23 11 13 18 25 10 2 6 15) 1168.6453000 0.0008557
(15 8 12 21 19 9 3 22 17 7 20 24 4 14 1 5 16 23 11 13 18 25 10 2 6 15) 1168.6453000 0.0008557
(15 8 12 21 19 9 3 22 17 7 20 24 4 14 1 5 16 23 11 13 18 25 10 2 6 15) 1168.6453000 0.0008557
(15 8 12 21 19 9 3 22 17 7 20 24 4 14 1 5 16 23 11 13 18 25 10 2 6 15) 1168.6453000 0.0008557
(15 8 12 21 19 9 3 22 17 7 20 24 4 14 1 5 16 23 11 13 18 25 10 2 6 15) 1168.6453000 0.0008557
(15 8 12 21 19 9 3 22 17 7 20 24 4 14 1 5 16 23 11 13 18 25 10 2 6 15) 1168.6453000 0.0008557
(15 8 12 21 19 9 3 22 17 7 20 24 4 14 1 5 16 23 11 13 18 25 10 2 6 15) 1168.6453000 0.0008557
(15 8 12 21 19 9 3 22 17 7 20 24 4 14 1 5 16 23 11 13 18 25 10 2 6 15) 1168.6453000 0.0008557
(15 8 12 21 19 9 3 22 17 7 20 24 4 14 1 5 16 23 11 13 18 25 10 2 6 15) 1168.6453000 0.0008557
